2383
1691 277
2377 293
60 386
161 149
1033 362
1279 190
1891 263
311 40
13 172
1945 211
1095 67
736 282
58 362
397 67
479 429
616 22
2157 69
2017 393
2316 11
1930 229
2208 421
545 284
873 198
721 315
1876 413
2306 91
460 456
318 362
2284 496
1293 305
1884 84
1943 336
2216 346
884 313
461 124
125 82
650 314
1395 434
919 43
1498 87
1793 276
697 288
1777 403
84 254
1731 432
1755 176
296 239
2283 226
2285 94
1368 295
608 434
346 467
1556 97
1869 317
563 152
200 301
2102 286
1618 365
1913 444
184 440
89 31
1886 97
264 481
1986 209
1658 67
2305 497
2161 86
533 306
1402 219
1122 28
701 232
1331 3
1916 270
1613 208
1965 340
1796 296
745 118
1527 346
94 421
873 379
1798 264
1028 341
456 193
2302 34
974 124
1136 487
1756 243
1791 227
347 359
2128 432
2210 437
1071 275
154 474
1583 358
1346 29
1394 235
260 318
2034 143
1297 428
2270 276
308 443
1259 113
500 106
363 404
1081 128
2247 369
1346 417
1178 324
1151 470
1142 490
2226 272
268 144
1967 5
212 454
1266 169
466 42
211 197
648 355
1786 348
951 122
815 299
1089 246
1447 340
976 311
2341 105
2105 161
1663 378
1376 320
1685 444
1825 22
1079 208
1535 282
1027 424
1699 62
507 100
610 452
779 379
797 468
1280 473
2138 381
900 433
432 160
1851 199
1124 399
709 459
1418 313
2250 190
393 426
66 84
716 90
2359 376
1591 436
36 445
296 179
1475 387
2251 348
1912 159
1948 336
1805 342
1925 206
648 213
1313 321
922 319
802 221
1415 439
1257 440
1933 205
1539 127
2247 484
599 420
1583 422
724 396
464 130
1884 292
675 172
2098 125
1475 222
1535 140
47 398
699 298
560 24
2245 209
1814 319
1776 232
246 494
27 379
460 273
2333 350
1041 360
507 79
270 493
353 121
642 4
1455 461
1234 326
1847 444
1120 202
1602 284
425 342
1926 28
684 372
2197 458
321 36
1460 253
1295 303
89 133
1886 390
319 67
1723 368
531 0
1242 288
2065 249
1706 303
226 363
1672 253
115 186
1418 152
509 475
1773 157
112 436
1250 414
1642 460
35 28
292 50
1048 56
2029 294
819 199
2269 39
5 428
1665 0
1961 147
738 159
1102 35
50 339
529 215
569 4
2138 49
1926 285
1485 343
1245 177
658 238
2137 449
1994 367
1012 292
1833 243
685 329
1164 182
2104 41
2366 326
2151 261
1708 360
1989 23
1941 81
950 190
1367 496
890 177
95 190
512 24
2365 114
1402 205
908 312
539 100
520 226
1651 416
2111 78
408 446
1149 147
213 51
1242 131
1142 357
63 312
1340 214
2070 12
1944 412
386 110
876 189
2138 355
679 120
1372 487
171 338
759 270
2234 356
290 106
2007 349
316 205
1151 217
1888 445
538 373
1656 373
940 289
454 107
650 257
544 471
2260 100
670 118
331 25
323 74
347 157
1717 493
1842 270
2209 417
30 69
110 122
602 173
59 431
1122 182
367 292
2193 57
112 21
142 74
1814 447
1603 231
2126 37
64 54
1314 98
1111 81
1604 16
168 231
1101 296
794 338
1705 218
761 470
698 312
297 477
2338 36
1288 176
304 207
916 357
1851 499
1204 127
1975 236
1315 318
465 63
224 244
1645 305
1814 291
248 455
657 89
155 493
1453 305
1090 322
1576 217
259 93
1138 126
482 486
206 43
1666 314
1272 179
317 262
706 88
2211 210
243 294
2104 346
718 137
1247 153
2066 73
2226 425
1044 210
760 217
1605 463
1533 90
1318 130
646 71
260 133
1095 289
2319 104
799 305
695 368
776 485
397 195
898 449
1673 467
1035 263
236 96
1909 365
351 36
966 270
1572 211
964 32
1969 379
112 270
296 172
2084 234
1128 283
1798 398
2196 63
1301 450
751 73
1213 59
1140 47
2220 82
1190 232
170 454
2113 398
1604 140
508 159
613 262
2323 41
1188 223
488 272
1985 154
613 321
1180 365
248 171
2047 269
445 201
194 153
1 407
1711 228
891 297
518 84
2344 334
1596 491
1446 398
362 52
397 189
1627 6
564 16
2070 109
130 0
1897 109
627 81
2211 338
1848 426
2135 147
2167 287
1452 32
1098 281
1421 350
154 90
1487 350
1748 313
1257 494
548 81
437 220
2070 482
950 487
1739 296
640 404
2013 392
1257 297
55 134
934 6
79 57
1011 95
1452 462
785 483
240 154
442 309
2379 432
859 21
528 63
2077 182
205 185
785 285
119 490
721 314
1760 116
720 392
1325 28
2072 25
1240 136
908 118
1909 337
1660 82
1622 310
1284 388
1947 315
1731 437
1009 8
1076 283
1871 157
391 327
767 269
96 151
156 410
2182 139
2035 388
189 393
1450 390
475 199
1987 431
153 277
51 157
712 452
2017 141
1581 368
1204 184
1841 276
397 266
1376 454
1722 308
1646 278
1275 55
2327 274
998 0
423 497
1875 412
1849 382
77 193
300 439
1664 421
304 485
863 354
2152 262
1699 41
1206 352
1408 162
1805 399
2000 154
34 15
1561 351
914 290
1034 491
293 37
2335 359
215 371
2171 487
2101 90
2361 470
1304 165
24 69
2109 361
2371 351
1429 300
290 138
1997 364
1617 32
218 104
301 179
773 412
801 469
1869 170
900 344
633 149
466 465
1949 326
1761 183
1315 469
519 152
1052 393
912 289
2358 131
586 264
2191 48
401 377
837 333
961 449
1487 155
1303 468
2133 460
1372 323
1348 171
687 177
1892 245
2112 261
2016 323
619 100
789 75
1881 42
1790 159
874 289
797 469
2343 51
706 383
1414 133
347 304
1547 481
242 166
1368 467
754 192
2088 402
1739 131
1771 174
922 218
438 183
560 487
2349 73
157 62
346 433
886 496
408 141
1556 226
2321 480
1199 485
1246 305
2099 29
1732 398
667 62
1297 219
1781 141
1311 10
57 226
403 289
900 208
470 438
2207 493
29 210
146 405
796 113
969 138
611 421
306 329
1837 180
473 95
2259 24
1880 154
1301 69
1857 469
1848 373
2151 433
1553 87
509 94
668 499
1245 339
1697 242
819 86
212 349
1357 186
1795 11
2194 133
1095 222
172 273
1245 19
1414 354
2100 124
37 259
470 418
165 212
898 205
2299 233
937 234
1912 315
1557 87
2288 169
2110 487
2337 337
1407 89
531 205
1852 204
372 57
137 403
153 392
956 22
1139 443
1121 361
1458 378
1487 200
218 382
1570 399
1631 89
1918 353
1815 448
1408 36
603 107
1302 417
2143 421
1081 480
1439 494
2008 123
900 433
1251 317
2197 431
658 209
713 156
1930 69
839 495
1243 171
2103 69
2011 301
842 152
995 340
2065 243
1987 91
1122 27
1013 378
1751 50
1693 124
2012 213
1294 499
1894 294
0 115
2003 342
2093 437
1208 198
1743 439
2347 13
2045 128
2128 304
465 346
575 138
203 495
1056 421
1508 226
1562 158
1027 356
957 145
511 446
1968 111
1996 103
1943 325
2236 216
1409 174
1251 96
860 267
1414 13
507 19
1074 150
524 332
2248 279
11 453
168 295
1313 107
1241 437
901 476
1083 84
1604 83
2066 492
2226 496
1176 439
2346 235
1835 373
1218 164
1730 251
119 251
837 339
1880 165
795 302
1380 79
796 47
2283 484
2136 61
2208 431
1830 28
66 494
69 43
2303 123
195 187
2127 143
2272 488
834 320
2073 98
1427 18
534 463
1913 195
2098 5
523 142
631 98
983 472
2097 353
95 297
774 47
1383 16
849 412
512 377
383 53
1160 432
1070 35
2333 107
2099 49
247 361
991 334
979 325
512 428
1397 263
629 115
1784 381
1507 185
2070 100
1304 408
103 349
634 379
1153 316
859 85
621 265
2360 430
2087 392
1031 129
2286 252
2342 366
1161 395
106 428
1385 347
1043 26
675 62
359 129
1348 100
2042 397
314 275
615 44
487 320
1196 18
952 294
266 134
1084 408
1852 62
207 186
425 432
278 307
2056 334
1128 96
1732 484
722 324
1988 465
999 216
1364 343
204 187
1373 102
2100 360
1707 379
1257 441
664 424
145 135
369 162
174 370
1072 163
1546 311
1092 15
902 234
313 290
309 193
1004 339
1246 494
1669 213
721 382
1765 475
1867 238
1060 451
831 311
1827 168
560 313
1700 499
330 35
1383 464
499 346
446 72
383 240
1018 123
836 57
2290 293
690 281
850 114
1111 371
1578 96
349 383
261 67
931 300
25 174
2066 433
1886 457
115 449
687 23
1096 292
1520 129
1401 335
499 140
109 43
1962 339
573 25
171 153
1572 52
920 457
2089 287
1078 40
2051 326
1043 205
226 378
2056 169
444 227
264 20
2317 221
1251 383
1809 267
655 382
1684 11
313 53
955 108
690 268
1876 198
1523 468
1741 9
719 3
1610 254
299 57
1282 323
1213 396
719 442
652 12
304 355
1919 354
1527 134
2254 281
475 473
153 138
1722 413
904 399
1252 484
2137 161
1408 280
1925 423
9 0
1220 0
229 452
265 4
190 259
2218 25
1121 117
1512 136
2347 60
1261 114
47 437
2160 248
798 120
1474 363
1359 332
2210 4
1165 458
1488 127
2312 368
1928 69
642 341
1532 374
1165 105
978 401
1416 489
2209 490
1414 232
76 199
909 0
1428 457
2263 348
950 17
1391 169
2136 69
1201 128
1136 18
453 85
920 280
35 254
2140 207
1147 400
228 21
961 288
1783 190
1550 134
1452 325
1172 461
1868 142
1545 191
1501 20
311 54
1599 142
2314 430
2079 34
1731 308
1114 280
812 144
369 45
1038 22
957 425
2374 235
1029 492
1516 296
1040 30
1528 49
434 12
2187 89
2300 448
2169 428
1173 57
1145 76
2012 297
639 139
1044 5
1848 282
1580 23
1419 236
11 417
132 353
622 224
905 350
813 210
706 242
1916 164
343 141
1706 111
307 410
455 290
1031 455
2321 416
813 281
1727 458
1744 306
1872 401
103 174
850 265
1168 66
806 169
10 134
2063 36
437 406
1233 197
36 260
1388 70
500 486
1259 8
157 277
250 136
2037 193
786 446
2234 367
158 96
612 40
206 95
999 450
367 302
970 130
1877 25
298 190
2073 161
1600 434
1504 295
944 135
667 351
1190 320
2131 400
707 361
1452 474
566 114
1638 428
938 52
314 125
920 433
531 277
2162 449
1713 151
562 460
450 299
1982 229
1496 128
189 299
1223 89
542 376
1912 266
1343 484
2065 259
487 276
1806 71
1277 238
2017 184
1950 490
53 275
1879 281
1027 250
1318 428
1963 264
777 258
1795 444
488 269
1516 477
1885 257
1426 142
588 472
788 95
2275 265
234 249
1466 467
1668 58
184 302
2136 463
149 38
322 14
1912 433
1335 430
755 169
1545 159
1667 495
2021 313
525 218
1129 29
241 392
1956 443
1348 7
2366 313
1249 13
651 96
845 356
1718 199
99 69
88 195
1138 389
504 369
1613 8
2070 204
265 295
2252 414
1877 364
1910 251
379 210
2374 238
1021 193
341 126
1007 445
1938 394
42 306
1657 456
973 295
995 284
2001 360
1734 382
588 73
86 195
438 5
620 366
898 363
1839 290
645 290
1099 161
1248 93
71 101
2377 144
1862 151
1204 88
562 447
246 275
401 456
910 329
916 342
1571 449
1254 401
1843 164
1702 72
203 311
1453 42
465 140
2133 359
262 258
818 428
1784 297
1680 294
990 56
481 125
1961 253
2337 71
2325 380
932 219
1615 367
1586 203
62 229
279 286
1876 94
378 358
1338 8
614 198
2272 13
2161 230
1690 447
2172 158
1048 378
2114 107
344 53
88 7
307 175
786 302
2026 308
288 126
487 86
668 106
1558 123
1957 251
890 1
1720 410
1387 392
858 0
645 150
435 381
645 287
261 328
1894 451
714 218
1505 423
370 14
757 182
522 307
2017 129
773 294
1224 244
418 78
1315 126
2055 260
1257 186
262 184
327 382
2248 139
963 348
1071 444
670 55
1165 485
2176 283
1057 246
1480 55
2335 42
1940 450
245 289
1038 50
146 56
25 42
1207 414
324 458
1965 109
1044 264
764 281
1791 216
455 260
929 263
1012 263
655 399
43 470
422 277
477 129
206 12
765 417
119 279
2054 479
358 237
1122 247
1985 495
125 24
824 499
292 211
1485 143
1476 284
1357 132
1745 96
1504 218
553 441
1933 263
1029 286
603 394
2192 335
2032 58
1755 337
2210 315
342 117
1854 498
2102 280
1330 6
714 35
2107 23
1780 252
1387 209
2027 325
660 256
304 71
766 80
1617 485
741 489
1443 44
183 388
917 470
1811 341
611 379
1223 18
455 338
490 250
1569 284
1577 488
129 135
1279 424
813 98
242 113
2158 347
733 462
945 110
316 257
2346 440
2194 386
2277 299
1291 289
1374 446
2280 284
973 350
1166 43
1024 368
1231 192
1804 176
1581 253
2153 463
2189 119
544 269
2273 209
1641 180
473 232
128 0
1885 320
555 413
1455 29
570 228
2326 250
2379 244
746 118
2344 304
389 147
1955 439
2222 193
2093 348
15 270
902 350
505 359
1948 229
1924 148
1486 488
1345 406
930 454
965 369
1855 303
41 470
1351 211
636 226
18 440
431 64
1675 26
1081 316
630 41
616 78
985 59
13 265
850 404
1842 467
2039 32
21 408
1527 176
337 294
2267 51
811 242
1144 144
1711 280
1385 493
327 398
1691 328
1907 9
798 202
78 138
288 149
1046 168
1432 146
1152 220
825 158
464 414
80 239
5 54
134 315
1054 257
1821 135
544 46
2325 483
1118 203
1381 33
2085 348
2205 300
1613 216
1208 149
1223 121
1569 303
2135 221
579 43
2266 277
1169 462
1625 370
2319 393
1432 61
1630 324
11 266
757 459
2297 393
2236 186
1226 57
1302 46
104 495
1754 417
1834 96
1693 492
57 23
272 260
783 403
1165 163
1557 234
2079 434
1040 49
673 318
729 4
1569 404
980 192
1718 444
977 4
637 256
737 26
1842 327
2201 54
2172 296
1410 445
434 126
1062 2
1545 32
280 157
65 346
2137 60
2356 427
1820 53
1819 440
2174 84
235 10
1795 148
714 13
896 277
1911 363
1154 324
2282 254
2172 254
1328 378
976 342
774 277
37 327
1161 154
2135 75
1968 290
63 494
2150 123
985 490
482 196
681 149
1196 193
2356 254
1364 151
2236 87
2214 124
1399 459
951 183
1048 106
607 167
2103 136
40 46
1787 109
1034 125
2064 157
1966 70
1527 85
2197 483
1570 64
654 52
1184 368
1948 432
482 430
1333 466
2326 304
1723 71
1828 294
1221 275
964 138
1013 207
1389 73
1008 157
767 393
1425 350
1393 478
1378 460
2260 431
2170 26
852 211
1586 398
373 477
2233 160
2082 290
138 379
641 187
1005 279
1139 363
1956 124
2227 428
1557 66
695 229
825 458
887 271
628 373
1125 329
1623 203
453 445
709 282
1938 3
512 368
1391 247
1922 155
539 436
1750 71
111 458
1014 476
1172 17
770 199
1843 270
504 327
621 196
1780 110
915 98
924 82
649 53
362 347
2346 154
1884 114
1093 486
582 160
1567 28
1402 483
140 422
1807 37
580 107
2265 496
2057 247
1972 149
1464 350
755 2
1342 238
1163 55
714 205
1807 335
1307 411
20 488
691 483
543 336
300 358
433 302
1976 91
1777 120
1674 108
1631 388
1576 57
2261 361
816 240
1536 40
1098 141
347 341
360 223
2289 344
878 152
1883 316
114 259
2058 327
2024 472
749 40
132 274
1462 38
0 171
1940 479
1775 19
1434 61
1447 246
2288 417
1541 83
171 28
2341 295
1214 450
1076 166
1858 256
2037 429
1424 218
2300 429
1192 387
1237 7
125 215
1235 237
511 390
654 382
1802 305
2308 422
1623 257
1038 381
2034 123
1039 336
145 389
1429 27
2255 173
1769 215
959 408
902 130
948 304
2035 456
2133 55
1573 206
1893 8
535 397
1077 197
1283 472
1001 29
1933 403
2104 131
2107 377
1717 91
2129 69
1813 370
465 328
98 123
1231 72
120 475
793 94
1615 259
156 249
215 473
733 481
771 235
2058 272
350 20
2164 374
589 445
1752 315
2254 347
1870 193
2030 280
1289 204
531 396
1173 91
724 289
2151 317
81 267
1851 116
2255 387
1040 72
317 241
1985 223
2124 242
319 205
884 182
1358 263
2299 367
2378 421
2043 265
2289 124
114 58
1323 20
1646 91
744 179
2013 228
1740 90
2302 197
246 359
2088 352
1353 232
2146 166
816 200
288 314
2205 1
1675 338
332 337
1177 418
1681 73
1838 345
1654 193
1522 207
1112 246
1745 449
799 48
1316 373
1735 39
2176 276
455 277
372 64
2109 22
1781 108
1454 151
1106 69
712 240
490 181
1726 192
387 69
768 146
1205 396
592 23
1032 475
914 161
1888 5
602 195
1038 69
1926 176
83 429
708 55
1142 257
1750 266
795 81
654 179
940 249
324 224
302 372
1980 416
556 161
1855 451
1576 16
2019 440
403 68
364 466
1951 296
1371 348
1884 169
1735 196
1224 277
871 105
821 53
1320 172
2111 429
1850 272
1125 18
2122 461
1397 426
246 323
633 370
1679 196
1075 162
304 424
1103 363
570 435
1133 347
1501 18
2029 222
87 325
1052 483
1434 447
876 378
1887 387
244 162
1084 151
2137 351
471 402
744 243
1102 50
1902 298
880 450
123 229
2303 398
133 12
918 308
1944 378
67 349
1143 163
2103 264
1097 151
1657 209
881 114
1073 220
216 290
178 168
857 107
84 439
752 440
445 493
2090 117
1158 151
1029 408
1784 455
189 441
570 101
2005 339
1530 446
1669 126
1217 16
2091 289
1317 210
2149 155
1241 290
1101 42
492 103
59 288
2155 211
2268 311
270 471
70 91
1056 196
381 87
1971 236
2198 162
1248 334
1896 289
1864 404
975 397
1573 96
1801 329
2276 156
724 158
2037 165
614 386
683 74
461 61
73 408
1335 266
2284 66
467 249
371 435
724 297
1339 334
271 386
785 190
1986 482
638 185
2119 214
633 314
2296 340
426 430
370 364
608 254
2241 186
169 262
1050 72
2 325
393 389
483 120
1263 442
2129 492
1338 9
587 269
373 380
1120 27
2233 324
356 474
1743 499
1622 170
865 252
1622 325
2332 482
699 398
2359 163
94 147
2146 32
1498 234
2001 21
1872 116
619 438
2357 326
1549 305
386 303
383 232
2206 195
1416 258
173 12
383 23
795 464
1751 132
1295 348
123 307
2313 58
1888 437
1507 433
1804 23
593 490
900 411
1575 485
300 472
2227 331
157 405
91 175
891 458
596 319
1169 454
1166 460
1389 101
425 441
2291 397
1018 413
423 486
2379 101
1983 402
223 245
2362 323
1010 456
85 125
372 8
1076 122
628 230
2251 346
850 190
2283 413
1848 337
521 7
1216 83
1184 7
2267 243
2176 326
77 135
2253 418
1987 377
1581 223
324 330
337 417
2216 274
60 455
855 415
1351 449
1847 179
197 356
2208 301
981 150
1861 476
1591 238
2321 126
339 202
1113 403
1597 93
2195 475
2086 498
1532 127
24 418
1498 174
325 147
256 323
1035 467
1599 218
1869 226
2182 446
330 305
2235 472
1358 279
2286 137
2099 164
1899 236
1439 66
1262 321
1052 109
2231 352
1036 201
1292 260
2265 356
1096 490
1283 25
142 46
328 212
2282 43
655 449
1347 216
1596 497
2175 481
1607 371
1508 399
1128 1
1046 90
852 131
1245 75
161 33
2182 70
550 205
370 446
2014 191
1653 260
1847 373
354 458
1176 133
1105 285
289 297
69 190
978 288
591 353
463 334
1957 259
1492 345
1460 483
1089 1
2313 319
1492 270
398 37
1593 409
1712 366
2370 139
179 103
56 40
1390 87
1060 425
1953 452
1131 221
1540 332
596 244
1979 469
1840 244
2101 290
502 221
1601 9
261 175
2179 376
757 231
221 454
224 125
936 304
906 335
2199 15
2033 172
1974 475
1366 14
1627 163
792 86
1164 124
853 281
704 289
400 361
756 474
475 349
1363 215
1677 322
1375 230
118 481
1629 66
1940 92
1789 70
103 338
1138 216
1770 39
1887 83
2076 177
747 332
404 242
643 482
1569 86
971 418
1314 422
455 418
547 245
592 408
922 378
420 147
727 64
1617 493
870 407
51 479
721 301
2129 475
1390 469
1397 486
1788 212
831 317
1723 257
1544 241
987 72
1768 192
2135 480
2327 18
756 55
290 204
2075 440
1279 400
531 347
931 488
1414 37
1889 373
2009 83
931 87
1623 277
325 196
1924 330
1529 3
1291 80
1852 59
44 385
379 303
1875 300
1924 270
300 282
1641 464
417 85
1926 273
1485 379
481 361
2341 189
649 210
2292 446
568 182
661 88
256 366
1571 357
2216 3
1990 224
1087 305
2230 384
1319 31
1188 459
1779 489
729 165
712 51
380 408
2266 78
549 328
1185 85
185 354
1308 445
1469 121
437 369
213 426
681 204
1261 295
2100 131
175 40
53 149
766 323
1288 116
1519 314
1131 290
1319 307
2367 262
463 179
575 77
2131 360
322 497
1625 324
1796 300
620 289
266 78
20 404
1092 91
477 279
1629 311
561 254
770 88
1782 329
394 279
1439 263
1490 160
1070 154
540 114
433 64
815 450
1164 198
938 387
794 459
1970 33
1420 37
2356 184
986 299
870 58
1193 328
2326 489
1626 46
829 418
559 159
625 179
1324 299
1439 429
1915 9
985 303
1416 146
989 58
1181 33
1826 327
1401 220
1944 313
971 427
2237 491
329 303
224 25
1749 442
1274 38
1378 185
187 442
2099 487
628 366
1441 81
1282 169
1972 372
2102 299
431 438
595 140
863 414
1009 190
524 392
1473 33
1474 272
2356 279
390 95
772 4
1029 318
631 68
2107 499
326 219
2030 289
2079 315
1404 483
873 444
132 438
165 319
428 202
2323 369
2003 128
2069 283
1849 222
1588 157
1251 362
279 145
1445 166
2064 437
43 234
563 183
1444 60
420 467
936 466
1625 33
2224 491
581 494
871 404
942 46
2196 417
833 371
2062 133
1432 493
1111 84
1609 255
187 34
2298 388
618 271
216 297
617 494
233 258
416 85
1694 160
169 382
1625 320
97 113
743 431
580 412
293 46
602 58
159 167
1084 444
2116 391
2185 263
570 9
1184 19
270 298
1009 223
505 298
1611 16
857 258
1293 161
877 228
1089 318
878 70
386 280
2177 173
808 145
486 496
1253 253
726 370
1252 124
1654 433
2354 127
753 305
1298 349
603 478
523 457
1779 436
2044 185
922 3
1008 447
910 41
2323 94
2122 354
1844 394
943 176
855 245
2367 218
1766 192
2104 221
2043 439
283 403
893 109
1796 23
1728 49
298 111
748 259
1865 90
1996 42
970 405
1159 372
1563 307
1520 394
2232 343
1980 253
978 479
1669 467
1519 440
28 74
430 223
964 45
1502 472
1632 339
1489 10
1981 210
2095 23
1685 200
2163 53
439 60
1423 32
974 312
1372 357
367 394
137 59
1137 316
1543 295
992 321
519 166
1343 386
879 246
1780 444
1091 384
1866 156
1602 91
2276 185
1733 381
2131 487
824 480
926 91
2285 53
921 26
1479 268
1804 173
1546 211
1016 464
1097 8
329 431
1192 257
69 33
1509 155
141 325
221 67
1277 478
2083 46
1095 291
1581 328
744 4
938 368
2067 384
625 89
1919 389
810 460
1224 194
1757 112
1502 419
343 446
1439 8
1229 260
1002 117
2234 260
2307 110
1123 429
1501 38
225 292
1860 228
1582 474
2268 330
958 143
1403 356
1490 104
913 227
1862 75
1790 119
2078 427
1029 494
1899 144
674 276
1013 219
15 222
370 440
1784 96
280 421
1353 405
2171 155
1268 171
288 241
121 13
1846 487
2250 4
1713 221
784 101
1546 455
1261 291
339 396
1415 389
160 316
2053 103
2182 116
1376 5
789 122
2338 86
1834 428
1297 236 383
2231 103 388
633 695 239
1484 2241 194
1519 35 221
1925 1450 462
1595 1962 300
2315 1458 268
417 438 243
1190 89 329
1426 2244 280
1225 937 215
1920 1343 372
1779 292 246
1510 502 263
273 1684 145
2235 340 196
1006 1820 189
1140 1685 335
1229 1811 10
1091 1388 465
2028 1959 483
989 2074 34
977 439 15
1175 2367 9
172 1048 264
513 1351 469
2029 866 24
1332 313 344
760 2256 201
1845 623 160
1117 112 458
808 826 131
1247 773 121
927 117 123
1671 970 6
639 2097 84
1505 693 10
1514 2070 200
1083 126 100
1402 1795 335
1514 1563 242
2036 1281 332
427 1380 329
544 73 331
1210 2324 249
924 2061 81
1313 2310 22
1001 2206 115
1127 747 193
235 2128 268
1799 587 155
393 2243 191
1470 244 56
1543 1268 471
1181 1139 445
859 2378 95
786 1874 389
306 492 205
749 320 386
190 928 485
474 860 164
334 2002 380
274 110 264
1542 725 142
2378 1883 137
2373 1565 402
1864 93 226
2052 2013 267
2069 168 226
614 1833 407
1170 743 292
485 1452 329
596 172 146
1017 57 277
517 1486 404
1779 1409 426
1568 2191 128
1198 1073 31
1366 2339 104
512 1972 187
952 1492 252
21 1485 104
193 1813 284
2330 2111 202
1433 1568 329
156 717 463
2347 2239 198
1037 555 276
994 620 254
279 67 18
1771 129 405
570 1057 80
0 87 423
1807 1793 49
688 53 102
1405 606 71
1261 859 357
1513 2376 38
1829 325 31
1897 1719 413
1722 939 91
92 1110 63
179 1303 305
1972 1082 316
1722 1111 373
2328 1966 84
501 594 173
494 1570 470
820 896 8
2235 912 39
487 903 453
1598 2362 151
214 2312 293
1296 1654 459
2104 420 409
1383 2258 119
1978 735 256
861 2248 167
1757 509 332
2365 599 152
581 1978 145
561 617 70
186 1123 6
1841 2112 376
1957 2083 379
1832 1393 172
2263 345 474
2129 101 347
2334 2127 477
550 207 247
145 219 70
458 718 38
1581 432 417
1006 56 12
403 673 140
1796 707 26
1837 46 105
1939 1058 200
1379 245 484
1587 1188 114
1502 1810 481
2220 326 38
2348 1482 288
2100 441 24
391 938 57
794 1009 297
840 2304 67
1595 1401 122
1840 2019 483
341 205 482
2151 1324 122
2173 1980 401
1272 711 37
1714 719 92
2348 1430 238
670 160 59
591 79 227
1689 2140 67
1325 765 428
1227 1074 435
168 2362 392
1845 386 164
173 326 143
893 231 448
2019 1933 241
1875 1338 162
1955 1842 441
1408 196 480
2173 144 182
561 1629 383
236 1072 198
623 2058 460
949 756 206
877 423 224
427 1195 391
1461 2237 264
617 1261 289
813 573 236
653 1878 376
1978 1518 396
363 305 279
39 1340 147
795 1533 252
914 2204 131
2110 776 377
1660 1368 432
234 1148 356
808 500 227
2382 956 465
1213 898 146
1519 1402 411
172 1838 150
1706 514 29
1223 1914 43
1695 1809 139
376 2130 60
1524 1226 468
2024 939 9
597 1161 458
1192 2037 53
2290 125 327
1745 959 329
1955 2137 19
1486 1119 104
912 711 160
356 31 79
1278 1010 476
1914 1616 142
692 647 163
42 2061 417
167 2001 151
1127 1077 497
577 2100 102
1696 64 422
24 1329 236
55 1907 423
762 175 470
2074 2350 233
339 1783 440
2096 1510 260
1714 2125 338
104 568 439
2204 452 416
2268 2291 447
911 243 427
131 1490 199
306 710 473
273 600 68
1753 326 493
576 136 411
319 2371 23
887 8 8
1036 1155 399
640 496 364
883 1229 154
2373 1683 487
396 2192 238
997 472 234
1019 826 323
1155 1520 315
1143 1926 479
848 1360 467
2003 897 128
117 2335 63
1346 972 398
646 519 167
151 2277 495
319 2263 58
1146 1914 384
2362 1239 118
1905 836 372
578 753 484
1172 1253 246
820 406 74
1488 199 266
2008 876 397
1902 1240 224
1478 2000 218
1009 1070 449
1944 1159 113
94 20 270
847 2103 295
2100 2348 50
2202 2213 81
18 2195 104
591 836 127
1527 2203 136
840 1339 369
1910 490 414
686 483 92
402 455 220
2201 2028 480
2166 1797 192
1996 355 484
1504 1813 271
2341 2376 303
2161 2260 396
813 1359 249
1303 1937 272
1786 838 145
1937 1379 42
1583 2014 483
997 1113 157
1049 2008 105
175 35 459
168 463 131
2124 1179 224
1100 1038 110
655 1738 210
1189 1660 327
2264 1965 72
1895 288 69
321 813 464
2025 818 307
2060 436 32
2219 1254 95
1015 2031 475
2054 203 308
1105 1267 168
382 1252 264
2347 337 245
253 1055 479
1066 1277 150
1580 113 98
2016 2078 159
584 1834 104
232 1455 440
131 816 361
1094 1278 319
2347 2091 439
2380 1710 218
1052 906 348
2025 1997 367
1834 722 80
1529 1776 446
677 2203 274
2132 84 197
261 1059 439
1540 2009 314
1248 1377 181
272 823 218
1178 234 498
489 2281 90
907 21 458
301 1724 113
2200 677 385
1980 215 276
656 2063 410
2361 1356 447
1051 1743 56
1875 2094 353
2109 1834 286
1704 243 482
1725 373 444
1066 2337 270
1439 761 470
1654 1941 148
1031 487 98
2083 1678 179
1443 1721 416
1154 630 394
301 2194 185
240 2250 489
309 107 376
2342 1255 223
721 17 32
279 676 225
463 932 353
1837 1844 206
1175 352 99
1806 2295 65
1313 1346 174
876 2203 424
984 2381 109
1935 1597 335
1649 1879 67
2021 914 43
570 1299 187
31 332 464
384 1144 118
296 1016 57
1338 2042 339
1159 682 398
1157 1945 419
372 830 292
1947 2361 343
174 1927 189
1473 1468 479
1501 1472 15
262 626 124
1278 1259 427
633 708 466
1011 1470 427
269 725 150
1099 661 363
774 2228 290
318 678 315
1482 845 162
571 1582 390
1197 2046 351
2152 208 498
173 1048 98
1643 844 327
2065 1495 107
343 617 401
188 110 394
562 943 303
1103 2255 23
2381 2353 241
1740 1265 273
1948 744 237
614 894 191
1154 1677 177
267 784 447
884 161 67
690 334 34
1634 1584 191
1202 466 227
868 525 325
2133 1156 352
191 296 80
781 1285 290
2154 65 299
555 488 182
413 289 442
747 433 146
2027 461 85
110 747 73
332 2136 273
1488 1140 427
1784 1884 238
383 1890 353
448 127 426
936 1902 80
1225 1256 275
1354 1191 467
1815 1816 347
2258 1388 422
2011 1858 217
464 813 472
2348 1901 313
1552 494 125
1679 2250 452
1198 1395 323
2151 791 37
959 600 161
392 852 229
1476 748 284
951 451 53
1764 486 65
1282 2009 320
1472 2326 251
1340 946 147
48 2094 307
535 1794 267
1135 33 468
1683 2008 409
48 425 27
500 1403 43
986 1402 82
309 2168 423
252 2292 156
1198 1889 136
909 479 140
17 267 397
50 2206 238
1754 34 426
2179 637 160
896 333 66
2298 676 10
1779 704 20
1689 1406 408
1195 1502 448
1674 2330 296
1637 823 277
1156 2234 427
1190 2093 260
1523 1252 153
1552 2235 244
2228 1334 289
245 1420 150
1652 1511 203
467 1550 496
111 405 380
934 2248 161
786 1421 108
192 644 391
1141 1621 217
993 2091 167
2327 1074 434
1061 2051 246
2268 42 84
1436 1800 251
1841 2371 235
1402 1930 177
440 439 326
1084 2183 271
322 352 86
2110 45 136
801 986 283
166 1468 94
208 2196 236
2008 1585 469
1693 1442 242
936 1409 203
1071 2007 277
871 1008 95
1224 2281 213
1269 2311 489
1951 648 166
1036 1312 385
546 350 149
2131 1960 457
1190 2320 362
2296 1833 391
1920 366 410
242 1721 175
2219 1474 429
1843 1549 242
108 1047 133
1116 1042 184
1466 1204 346
740 1269 350
677 960 151
127 2040 134
493 1673 475
1911 2377 204
1002 1266 241
168 1682 376
911 377 98
1649 1326 485
470 321 189
1436 166 240
2092 1839 313
1750 2015 2
736 1800 159
427 1122 116
1693 687 118
688 2166 230
1065 419 293
2088 1468 325
26 946 64
193 1586 306
1728 584 362
1056 258 446
473 60 300
1291 2131 482
1674 1346 20
1154 1564 343
1573 1645 46
658 2334 261
1300 2289 378
200 27 39
784 1585 297
1042 469 452
799 799 342
243 1561 90
1589 672 400
770 1171 367
2112 280 218
2063 151 51
1969 2109 205
1996 1407 367
894 898 279
1059 2117 458
1554 1401 203
733 1158 228
1405 2207 298
2272 164 235
170 1658 271
17 2038 50
1822 694 250
847 43 287
1745 2278 115
1176 2307 98
194 1299 32
1353 482 219
1177 2291 492
1037 923 20
8 22 498
2046 929 325
54 1820 262
97 1689 392
2071 1172 49
1995 1549 234
607 298 48
1089 602 37
997 1639 438
1617 1394 152
1639 1039 46
2265 549 42
1398 2156 487
705 819 143
1877 25 173
739 976 413
1037 417 116
1336 52 191
592 736 216
1683 1989 491
35 2200 250
280 1811 116
53 1389 140
568 414 424
593 1918 254
1266 728 98
1683 1534 202
1431 260 302
1863 75 118
1469 280 494
982 23 97
410 1102 278
1495 1758 362
1909 1734 465
1141 2111 125
1869 1982 97
716 2288 262
672 1249 373
444 1241 467
724 1826 130
748 1407 218
1546 1023 425
921 1224 497
273 870 69
1 1084 490
1680 1588 432
1585 975 160
147 2045 440
1389 1859 17
528 849 405
1936 1308 447
576 62 244
1496 1609 61
2062 2269 390
764 1847 8
2048 487 169
641 692 470
2382 1310 465
1859 218 310
21 1648 122
1330 1724 99
1088 1940 487
315 1623 416
2280 1924 247
1744 2193 3
1927 81 456
236 2032 55
1243 803 415
1157 2104 261
422 2107 59
1843 2334 439
1400 2115 472
337 2168 435
1957 1030 120
1767 1955 301
1849 957 320
1498 1704 257
1997 1012 272
1414 16 362
834 575 340
786 1156 316
518 683 384
303 995 492
1029 1318 202
602 1538 404
1255 1119 459
576 244 387
1285 1685 454
997 1681 183
1573 756 178
346 2028 267
725 681 48
1417 126 361
352 2292 270
1891 1344 374
323 85 29
264 67 339
1949 1852 62
1247 260 115
1699 386 259
1344 1043 404
1721 407 342
1544 2064 397
1453 1641 5
414 2248 138
196 465 96
263 242 199
1811 2371 57
2071 1018 294
2154 359 273
814 1577 333
918 454 496
599 57 144
2241 1076 271
1802 65 79
2267 641 177
2206 1237 23
2194 2096 4
525 139 76
885 1508 124
2158 1889 476
230 928 103
287 1689 200
1363 1610 480
1125 298 66
1462 1479 480
12 473 456
2109 1809 480
1944 2270 319
765 37 88
2350 2036 195
896 84 100
202 1129 292
1508 391 169
1806 1893 292
902 432 300
1071 934 289
498 955 457
81 787 215
2197 840 61
1851 1475 64
1631 1581 262
74 1917 150
465 2236 225
2358 1231 406
103 1352 478
733 248 116
1688 1235 345
2171 2253 20
325 2223 217
1496 880 414
694 1887 438
2307 1103 392
2160 217 477
704 1143 25
2056 885 455
2000 1530 394
853 863 4
419 390 59
259 2077 436
835 1500 370
35 2166 57
834 2081 301
1051 2069 394
1891 2219 153
393 2344 426
1619 2268 15
99 543 207
185 203 461
2263 2034 344
1076 1199 418
860 1860 246
254 832 296
2323 1503 364
1855 2255 29
1512 1024 48
1398 1546 251
1941 1686 404
1840 2070 202
1187 491 315
3 1250 163
1863 157 160
8 1483 245
1511 1261 310
1079 2090 185
1800 2123 394
963 2245 246
2345 1908 486
2033 1063 266
2220 707 499
1087 2006 471
1244 1998 406
41 164 7
1302 966 133
705 1101 472
141 1013 235
3 2133 495
1608 2268 471
2367 1657 20
691 504 306
10 235 322
1704 2352 338
1564 1262 100
2227 181 405
945 308 469
1958 1514 321
1708 1833 9
1289 732 489
564 1673 164
1068 1960 237
1303 2084 375
968 912 93
2231 377 199
29 186 292
33 690 33
1547 1898 403
693 561 2
1122 1610 74
412 1276 107
2069 1230 366
1770 1267 202
2379 1314 88
373 682 428
255 1311 435
945 1784 38
157 820 264
718 1206 350
2024 917 141
917 1918 258
2147 796 425
1031 743 447
2345 1689 350
340 916 121
1652 2375 212
749 1176 381
1265 10 448
88 88 384
1006 860 402
237 66 139
1034 2068 111
1777 1069 407
779 1841 402
1391 2304 189
1383 1062 468
2255 2154 234
2266 1504 168
2050 1012 27
527 1237 163
594 1104 448
2358 1887 193
741 2131 263
199 414 213
120 1043 279
878 2012 445
345 1946 444
1546 2325 164
175 1587 75
1108 938 27
2212 990 12
1413 1584 290
857 525 286
1271 1243 150
2314 53 233
1943 2334 156
1202 1232 485
841 2 451
2124 431 4
679 527 232
1366 1150 186
567 2064 4
789 266 3
1728 1592 386
1478 430 408
1429 1467 109
278 1000 107
2359 271 486
103 1087 416
630 2079 128
1781 1796 284
1158 1038 334
1120 1390 323
25 519 365
151 616 321
1618 645 27
2315 2009 76
203 2192 412
986 530 200
682 992 70
2174 2133 347
526 1954 246
1916 2038 206
2131 528 69
365 442 133
706 1835 335
332 1969 183
2220 2078 311
367 1859 374
1359 1743 377
1110 1954 403
377 1563 288
32 2330 91
256 1226 112
698 451 441
2229 1906 339
1816 214 415
1207 532 276
379 1054 409
2122 2258 81
1390 1761 126
570 1056 475
214 573 315
1440 1702 173
1588 197 62
1111 1135 7
1021 397 185
1250 1765 23
2304 892 82
1875 83 266
1253 633 145
2006 1989 67
2275 1035 278
1595 113 187
1488 1526 159
240 1254 384
637 829 345
20 1916 224
608 1827 38
387 1813 161
1020 1235 470
322 2046 221
1357 1045 349
1166 258 297
309 912 30
1564 466 489
10 828 366
1623 1908 427
763 1854 450
194 1418 196
1125 473 245
788 782 225
1834 410 313
2092 235 474
317 1046 379
480 1267 296
1308 1728 27
529 2218 461
2080 346 270
1115 1161 240
1588 2363 432
2067 1899 400
94 1454 7
25 2366 236
1072 1757 274
2035 1458 131
1076 340 193
911 1008 305
953 915 42
1810 1586 444
1487 2147 24
1003 1450 457
2153 1542 111
2136 780 39
1511 32 188
586 1681 291
623 1426 338
1327 2176 343
2242 1073 85
1142 2049 220
906 1454 238
2053 2143 238
908 437 297
1688 600 227
1721 789 4
715 1746 210
2141 2355 289
1631 1657 269
321 1567 315
2066 47 50
833 33 361
593 1811 32
726 1601 168
1023 1465 72
1812 779 333
1176 1300 76
1148 25 433
119 1755 301
1382 2126 486
1429 2356 382
1158 1345 434
282 936 17
1883 198 238
966 63 262
1441 1921 278
359 430 178
384 1733 400
1835 412 486
1578 417 280
1247 440 367
209 2225 319
842 77 375
736 602 124
799 1854 365
338 1441 176
464 458 413
2198 347 435
2306 1081 235
36 1933 231
476 1785 441
14 74 65
92 2209 462
694 1940 222
2244 1171 309
1303 1368 148
1457 319 423
1805 1709 358
199 1099 239
2132 2325 219
1230 60 137
1001 1121 226
827 312 422
80 2121 93
1251 203 125
236 1164 338
252 80 157
1657 1844 112
373 735 104
12 1933 471
2151 1088 346
889 111 243
897 1532 39
635 662 53
535 183 464
1699 1948 491
1780 2025 104
937 1176 274
1672 1829 84
1222 297 122
2006 594 266
1814 1818 162
963 1659 171
1626 2024 311
1505 87 102
766 1784 408
408 1030 173
1280 225 25
726 1076 470
720 2301 100
1010 851 337
141 1552 468
1497 455 422
834 256 473
921 388 363
18 1055 69
745 734 281
666 2194 8
1742 2207 363
1661 1206 245
2208 1428 183
1378 969 171
1529 2324 451
1785 1955 268
1869 830 323
237 905 283
972 1747 141
783 613 0
303 456 339
1206 722 94
251 1403 184
916 712 431
553 2242 496
125 502 50
955 1980 258
1861 1693 72
1225 1120 50
1534 988 68
1687 1522 300
2105 1415 216
1125 283 473
1838 1359 352
1697 1126 229
2199 343 174
1493 738 13
499 620 108
1315 435 234
2303 1222 172
1138 105 431
170 1370 77
149 1459 4
1508 1494 247
2330 63 330
291 1263 204
725 510 138
1041 409 454
1476 1864 140
315 2162 133
116 1307 137
1183 2139 491
2338 6 141
1145 1381 125
904 2212 372
2168 2052 232
2374 1101 106
400 1643 252
1961 301 96
1740 274 186
360 2246 444
116 286 168
122 576 428
1503 1015 345
1028 2354 328
394 1562 401
1495 757 92
756 678 118
1057 1336 234
1028 1391 28
587 1154 172
570 730 153
842 1488 492
1553 1898 249
1524 1070 172
704 1146 442
1461 704 413
1835 2332 427
788 1977 437
1876 1201 83
343 1860 351
1073 497 26
179 1328 154
2077 1978 25
460 1748 116
1302 1938 299
2006 140 307
1955 2220 98
1246 2065 71
64 584 28
1620 1907 154
2117 1738 393
759 1835 267
354 391 203
1798 500 251
1353 1829 239
1493 1784 216
1026 209 480
404 469 147
685 1518 453
209 1756 278
1643 2338 295
1095 1306 8
1182 453 411
1378 1677 105
824 370 466
2304 669 233
130 2367 374
600 1255 318
2118 1084 352
1188 978 209
839 2188 92
2145 749 379
215 70 224
1588 1823 152
1958 609 427
2323 444 201
2308 1468 484
876 832 172
1960 601 39
251 1054 465
56 1413 105
806 1031 0
572 1441 269
2091 649 467
13 1236 49
457 2343 50
1622 988 391
71 1843 403
672 915 382
1423 1802 133
149 1493 288
1180 1720 492
238 1708 51
584 2216 432
1820 1320 389
1476 304 239
2160 1307 69
1621 2235 252
2232 1656 310
1651 350 245
458 1679 117
2178 682 19
1503 186 34
1032 263 388
2353 2127 232
2353 1621 346
1277 1573 431
825 460 175
98 1802 47
144 825 494
1824 1271 276
2202 1866 204
2084 650 130
2347 2056 472
1787 1359 252
1026 99 317
2295 11 421
373 2084 307
1871 707 26
313 1563 312
1280 1688 299
763 1966 478
1109 2040 342
783 930 442
2142 852 64
2242 441 95
1949 2382 480
1650 835 436
2358 2191 418
1234 1263 385
235 175 286
2202 607 386
1555 858 56
102 810 330
650 119 449
1091 1216 293
1091 955 411
1622 303 86
1430 24 291
310 1312 128
181 226 239
788 420 254
1646 1073 228
2153 757 440
1968 615 66
801 537 6
1453 2093 431
1756 833 465
1477 919 64
102 676 106
25 1971 257
445 815 166
1519 1557 461
1972 1775 186
204 1487 285
438 2154 322
2227 1225 243
373 1387 234
988 788 379
1664 1315 95
949 1849 323
1764 182 498
939 1686 210
27 1845 14
1515 1775 241
1286 1290 44
2207 1302 365
1211 385 171
1695 616 343
323 245 378
2173 1751 402
2051 900 360
1050 190 302
512 999 11
1983 1093 75
890 1391 265
1889 1824 235
1970 2101 268
203 64 329
144 1399 186
1591 2016 94
108 1198 13
298 2145 258
1297 1040 142
2086 267 203
1095 400 376
536 1820 333
2333 680 319
2093 448 272
1110 1910 367
743 1009 255
1941 2281 408
1400 838 175
57 141 472
20 2036 459
421 1452 231
2241 1454 331
234 659 329
682 1833 396
210 524 375
1219 1741 497
1118 2167 368
1652 15 497
1490 544 185
1143 2066 147
2291 605 460
1058 239 388
1717 105 315
864 2304 65
1388 1527 265
442 2163 452
2306 552 424
2321 882 343
178 229 319
1940 1408 493
163 225 273
402 1542 183
508 30 408
429 1136 121
1652 541 241
1129 2235 340
1681 382 173
180 1423 297
105 1733 91
1209 1150 175
1435 1102 361
290 1266 379
321 2184 264
1153 54 494
1390 867 169
1242 381 163
1320 338 327
360 2296 381
2093 1810 118
556 1501 279
1658 446 160
541 2241 220
39 1752 51
93 1466 265
657 1610 483
1038 720 266
1072 958 270
986 495 68
413 2290 206
1610 1808 301
2057 152 400
1611 2010 74
676 1775 208
2143 1558 212
1066 110 59
1482 2132 341
58 629 398
553 143 405
460 18 10
1964 1682 157
2116 1519 169
1439 328 112
528 2062 13
2086 1147 487
1892 22 30
1641 1633 15
1967 1900 252
2110 856 422
2128 494 258
1427 545 27
260 1902 211
588 551 472
2346 811 28
807 1747 136
525 2140 357
2159 1216 231
1676 1774 171
2228 8 449
339 569 485
884 1895 336
403 116 305
650 149 291
1461 1621 220
522 1239 6
279 255 8
1495 1164 489
582 724 291
286 171 164
856 1425 161
64 2121 144
180 1861 122
25 1861 265
1647 2145 184
503 2089 246
758 761 85
1619 2038 84
2343 1011 110
2210 1053 415
949 1243 71
687 1469 39
165 195 494
1722 1100 353
1180 273 86
887 907 427
1344 2063 308
999 811 143
1707 750 310
377 1271 185
1316 1775 365
402 448 392
294 1569 398
1394 487 392
1667 1509 165
191 1796 438
1950 202 420
378 1142 119
824 1318 174
1792 1454 431
880 1114 203
1329 1722 151
515 635 273
698 1487 42
2207 1679 223
1316 364 206
1215 2015 31
2357 244 341
1293 1552 14
364 1880 70
1174 202 219
514 2224 88
845 2265 365
2332 2296 44
1324 1642 34
1384 2048 218
1016 567 226
957 732 220
126 971 139
1703 1731 496
1905 1900 328
1746 567 354
1324 258 261
1237 161 4
193 761 123
2241 882 285
425 2320 130
853 206 432
1521 450 457
869 1683 83
387 594 242
954 679 137
908 974 270
1069 1810 64
1831 212 411
26 2018 388
2346 443 201
170 2267 232
316 282 324
2000 198 490
2290 1818 152
282 881 382
1256 1082 120
683 529 380
591 910 409
227 1787 391
670 2219 396
554 694 1
532 1797 280
426 2342 20
2244 1373 420
438 488 309
1521 252 393
2050 925 285
273 2364 489
2061 867 128
1593 1780 340
1983 2353 107
1397 712 213
1356 1467 115
43 1535 397
227 1814 152
479 2071 371
1101 897 323
1082 406 424
1949 203 87
1043 530 51
709 1224 17
1117 2167 423
202 1260 387
1737 779 253
865 159 376
249 2057 287
843 710 310
945 1414 326
1148 2087 448
1375 55 216
2295 1695 25
2079 553 81
652 505 164
1127 1813 147
983 781 450
657 2055 233
1368 1425 389
95 1593 408
2182 155 131
1933 667 481
941 2222 4
1495 1799 11
1696 111 12
1126 1007 177
1907 954 201
1579 1462 87
317 1916 206
1606 829 86
1762 688 299
46 1392 136
1965 1087 296
1381 695 1
1188 2078 173
2196 1730 200
463 127 39
1622 1890 362
851 1624 12
1376 342 447
1761 1539 199
770 2230 67
1857 2168 63
169 664 269
2247 351 414
1291 1734 13
1418 1860 67
622 1510 174
2246 2131 270
2284 990 245
1136 1152 7
984 693 40
465 2360 177
1129 1225 71
1176 1168 436
527 1996 286
4 253 297
1210 1053 22
958 1092 197
1644 1374 232
110 650 362
803 1990 89
476 1414 495
1398 8 284
2262 1154 105
1875 1861 483
2129 1172 470
799 1902 457
1588 566 454
579 1173 177
925 1985 222
533 942 491
1643 1188 51
1651 1290 319
118 139 211
1980 163 345
465 411 32
2367 662 190
551 1820 197
