node
1 0 0 70
2 0 0 21
3 0 0 63
4 0 0 6
5 0 0 46
6 0 0 12
7 0 0 88
8 0 0 48
9 0 0 11
10 0 0 85
11 0 0 14
12 0 0 93
13 0 0 38
14 0 0 24
15 0 0 36
16 0 0 50
17 0 0 96
18 0 0 20
19 0 0 22
20 0 0 86
21 0 0 42
22 0 0 21
23 0 0 49
24 0 0 26
25 0 0 19
26 0 0 51
27 0 0 52
28 0 0 74
29 0 0 19
30 0 0 17
31 0 0 9
32 0 0 70
33 0 0 96
34 0 0 39
35 0 0 91
36 0 0 4
37 0 0 73
38 0 0 94
39 0 0 61
40 0 0 7
41 0 0 25
42 0 0 1
43 0 0 49
44 0 0 6
45 0 0 25
46 0 0 87
47 0 0 60
48 0 0 48
49 0 0 77
50 0 0 19
51 0 0 4
52 0 0 41
53 0 0 61
54 0 0 37
55 0 0 24
56 0 0 1
57 0 0 84
58 0 0 58
59 0 0 92
60 0 0 35
61 0 0 95
62 0 0 6
63 0 0 33
64 0 0 66
65 0 0 42
66 0 0 76
67 0 0 60
68 0 0 18
69 0 0 74
70 0 0 40
71 0 0 41
72 0 0 54
73 0 0 2
74 0 0 10
75 0 0 66
76 0 0 85
77 0 0 27
78 0 0 73
79 0 0 42
80 0 0 26
81 0 0 91
82 0 0 97
83 0 0 28
84 0 0 12
85 0 0 78
86 0 0 53
87 0 0 28
88 0 0 30
89 0 0 35
90 0 0 7
91 0 0 42
92 0 0 99
93 0 0 61
94 0 0 11
95 0 0 30
96 0 0 87
97 0 0 72
98 0 0 23
99 0 0 44
100 0 0 24
101 0 0 4
102 0 0 34
103 0 0 99
104 0 0 9
105 0 0 45
106 0 0 68
107 0 0 31
108 0 0 33
109 0 0 36
110 0 0 36
111 0 0 24
112 0 0 49
113 0 0 52
114 0 0 28
115 0 0 84
116 0 0 95
117 0 0 4
118 0 0 64
119 0 0 73
120 0 0 29
121 0 0 68
122 0 0 40
123 0 0 99
124 0 0 76
125 0 0 62
126 0 0 21
127 0 0 95
128 0 0 88
129 0 0 16
130 0 0 64
131 0 0 44
132 0 0 79
133 0 0 41
134 0 0 28
135 0 0 93
136 0 0 75
137 0 0 49
138 0 0 20
139 0 0 20
140 0 0 35
141 0 0 48
142 0 0 84
143 0 0 27
144 0 0 82
145 0 0 59
146 0 0 17
147 0 0 34
148 0 0 35
149 0 0 50
150 0 0 5
151 0 0 67
152 0 0 81
153 0 0 8
154 0 0 74
155 0 0 35
156 0 0 98
157 0 0 47
158 0 0 91
159 0 0 83
160 0 0 18
161 0 0 37
162 0 0 48
163 0 0 22
164 0 0 42
165 0 0 78
166 0 0 52
167 0 0 95
168 0 0 95
169 0 0 67
170 0 0 89
171 0 0 57
172 0 0 5
173 0 0 64
174 0 0 46
175 0 0 51
176 0 0 53
177 0 0 32
178 0 0 20
179 0 0 31
180 0 0 44
181 0 0 55
182 0 0 55
183 0 0 29
184 0 0 79
185 0 0 61
186 0 0 10
187 0 0 25
188 0 0 52
189 0 0 39
190 0 0 3
191 0 0 86
192 0 0 80
193 0 0 82
194 0 0 37
195 0 0 44
196 0 0 22
197 0 0 88
198 0 0 99
199 0 0 73
200 0 0 73
link
153 29 3 0
18 83 30 0
138 76 10 0
51 34 43 0
166 67 17 0
70 191 33 0
94 193 45 0
92 178 16 0
61 53 46 0
193 102 46 0
84 159 19 0
94 153 20 0
107 114 4 0
200 119 19 0
119 107 13 0
147 94 47 0
159 104 25 0
146 104 46 0
148 80 20 0
45 142 18 0
133 128 26 0
57 114 36 0
84 30 1 0
198 103 3 0
20 174 13 0
29 48 33 0
91 119 6 0
176 29 23 0
191 113 21 0
107 140 27 0
6 5 34 0
88 50 25 0
176 39 46 0
54 23 2 0
106 118 1 0
49 64 35 0
140 143 21 0
21 118 32 0
129 90 3 0
14 135 35 0
154 108 49 0
17 181 5 0
155 68 24 0
149 23 12 0
1 135 5 0
110 56 43 0
193 26 6 0
153 171 42 0
122 26 11 0
152 63 33 0
121 158 17 0
76 28 2 0
174 36 17 0
59 191 11 0
131 96 28 0
45 79 31 0
128 189 8 0
83 23 20 0
155 167 42 0
152 44 8 0
82 23 8 0
35 169 5 0
142 152 32 0
183 53 12 0
39 90 2 0
172 100 17 0
150 118 14 0
125 44 44 0
192 113 39 0
81 170 30 0
1 107 45 0
165 16 2 0
165 85 41 0
87 190 13 0
13 11 22 0
200 39 25 0
131 175 43 0
85 140 13 0
24 97 37 0
34 1 16 0
65 44 30 0
75 117 7 0
199 183 44 0
102 91 47 0
99 97 45 0
60 159 20 0
140 76 11 0
55 144 43 0
34 114 18 0
126 198 27 0
26 168 16 0
22 46 35 0
121 174 37 0
103 148 10 0
22 14 29 0
78 56 32 0
47 16 35 0
101 198 28 0
117 104 36 0
196 170 13 0
78 126 12 0
96 137 6 0
52 173 36 0
140 185 18 0
72 63 9 0
109 107 32 0
96 195 27 0
23 176 40 0
64 199 39 0
147 81 41 0
38 171 47 0
15 151 40 0
76 119 5 0
98 195 18 0
3 163 10 0
9 114 6 0
187 26 19 0
160 107 36 0
153 15 11 0
85 86 32 0
69 176 27 0
8 174 46 0
2 197 10 0
46 109 34 0
91 83 41 0
95 88 15 0
33 81 43 0
181 15 21 0
1 41 48 0
149 191 23 0
103 174 35 0
48 98 34 0
49 169 40 0
25 20 13 0
15 183 26 0
91 64 12 0
176 177 33 0
188 122 3 0
26 179 30 0
71 186 23 0
129 195 1 0
97 119 15 0
4 113 28 0
115 108 7 0
187 128 23 0
16 159 15 0
53 21 14 0
127 80 9 0
154 28 12 0
105 155 38 0
27 50 34 0
111 145 33 0
75 145 9 0
21 160 15 0
54 116 13 0
162 152 46 0
125 89 36 0
16 126 39 0
38 59 5 0
60 165 40 0
161 136 6 0
145 144 2 0
7 145 45 0
103 183 17 0
12 178 49 0
106 181 43 0
164 103 23 0
168 153 44 0
128 158 39 0
123 90 9 0
44 136 4 0
18 130 8 0
56 93 32 0
44 167 36 0
25 118 28 0
24 110 41 0
187 177 21 0
56 101 16 0
38 115 36 0
49 157 26 0
27 53 45 0
88 91 19 0
88 143 48 0
163 57 19 0
2 88 20 0
144 95 25 0
62 3 33 0
107 77 2 0
109 186 19 0
147 101 20 0
15 2 20 0
196 163 5 0
37 49 48 0
39 145 1 0
182 189 31 0
188 118 16 0
2 145 11 0
183 128 42 0
148 137 23 0
53 102 27 0
25 75 43 0
62 66 39 0
45 28 12 0
56 107 49 0
167 186 44 0
171 169 45 0
96 126 32 0
114 71 29 0
164 195 39 0
34 197 26 0
169 7 23 0
58 57 49 0
84 92 41 0
122 110 33 0
13 182 32 0
31 198 37 0
183 167 2 0
29 133 33 0
132 45 18 0
13 3 31 0
153 158 48 0
32 159 41 0
184 103 40 0
35 55 14 0
57 186 26 0
22 143 30 0
192 114 23 0
50 82 2 0
60 151 45 0
58 51 38 0
69 97 7 0
28 105 40 0
42 25 8 0
7 90 42 0
3 131 6 0
149 181 20 0
151 94 16 0
100 88 16 0
185 91 33 0
189 159 14 0
68 172 13 0
151 176 5 0
138 126 12 0
131 135 48 0
178 80 47 0
50 56 15 0
147 172 35 0
35 86 21 0
123 119 13 0
39 52 33 0
94 101 29 0
17 87 7 0
46 68 32 0
71 5 21 0
165 113 48 0
81 126 46 0
30 88 37 0
31 199 24 0
174 55 48 0
187 32 40 0
99 136 6 0
54 2 35 0
177 61 44 0
170 59 45 0
186 67 16 0
40 103 47 0
65 113 45 0
66 95 34 0
17 162 40 0
50 189 42 0
156 142 49 0
32 69 31 0
18 167 18 0
13 27 18 0
21 27 41 0
189 38 1 0
166 188 40 0
63 153 35 0
38 100 27 0
26 198 11 0
91 80 33 0
135 116 15 0
84 5 34 0
93 176 49 0
171 193 14 0
86 112 12 0
148 147 45 0
156 14 19 0
76 15 21 0
98 117 10 0
27 103 22 0
76 5 37 0
146 81 46 0
110 68 33 0
16 187 4 0
3 183 21 0
106 111 47 0
45 118 41 0
192 119 49 0
179 165 14 0
54 61 31 0
140 20 44 0
180 85 8 0
200 176 31 0
122 96 35 0
139 199 7 0
12 200 49 0
62 88 37 0
8 148 7 0
53 52 47 0
104 32 14 0
94 184 40 0
88 169 30 0
60 187 35 0
193 88 25 0
170 68 8 0
112 134 32 0
28 52 41 0
165 74 7 0
18 183 45 0
103 98 44 0
140 119 37 0
38 120 33 0
177 13 28 0
171 191 14 0
38 5 32 0
16 72 18 0
66 4 7 0
38 46 3 0
172 198 5 0
134 18 14 0
138 118 38 0
29 122 23 0
19 159 34 0
19 142 39 0
163 36 32 0
53 89 37 0
20 21 12 0
65 163 34 0
106 72 24 0
193 148 33 0
27 136 1 0
110 157 35 0
169 177 24 0
78 64 19 0
65 121 33 0
181 39 7 0
