10000
6631 6775
8663 9521
2443 7670
3333 8835
2801 5999
4658 9830
1389 4165
3969 8136
5047 9055
581 2344
1098 7313
2763 9526
2606 3910
3143 8611
2201 3723
1213 2698
1232 9478
5033 7195
1961 7735
3108 6480
2685 8566
8950 9261
3226 8728
1131 8869
2793 9384
4309 6789
6304 6323
3502 6374
1715 3045
2355 9021
1463 3198
4564 8208
4914 6204
873 8025
7812 8197
1859 6030
1438 7350
3292 8654
5646 6518
6564 8574
4654 6400
522 8588
3848 5503
186 7877
6332 7997
2558 4245
246 5697
3068 5426
4597 5545
6279 8397
3536 4855
5460 7946
1389 7520
4829 5273
2201 9631
4907 8999
1727 3023
806 4982
4621 5944
3659 6742
1594 4095
3293 8097
3042 9418
964 3690
4654 7083
785 7796
3307 9926
178 2034
181 5317
6816 7317
5910 8791
3539 7837
3167 4569
2771 3457
1573 6338
4070 8907
4629 6021
5531 9734
3297 8928
181 3033
8188 9363
6848 7290
3285 6641
775 4646
4988 7606
6017 6155
3361 7910
1740 3820
2387 7029
4569 5938
1747 7667
1522 2345
3352 5459
688 4372
964 6139
3261 9465
6493 9299
6120 8015
4928 6112
2471 4944
3750 5868
3919 9795
4553 5258
1669 8320
86 8957
3312 6815
6504 7568
2623 3732
4087 4737
226 3603
770 3307
564 6748
1110 8295
141 9212
7145 8376
1435 6723
886 9605
2821 8284
1279 2886
3709 9427
41 583
5198 9404
4102 6783
7709 9721
6669 9983
4037 5903
8601 9666
2542 5468
523 6928
8161 8685
4690 7184
1947 8781
4710 6997
917 2866
5878 6151
8415 9250
3649 9145
3031 4985
71 6060
5725 8459
7028 9770
1665 6278
3216 4838
912 6984
748 8434
3435 5292
9576 9862
3009 8315
2378 4374
1890 6025
1578 5583
1112 8652
494 9539
3105 4435
4577 9982
703 2013
2048 3822
6580 8654
7261 8822
1439 2542
303 9523
3836 4477
1535 7284
7248 9860
6158 6603
8079 9633
5678 9475
7511 8292
1876 5418
5226 8285
2961 3761
6370 6700
2162 5513
975 7242
504 3188
2649 5849
2000 9314
2696 3265
6323 9952
5074 6531
2915 5424
4068 9345
6185 8836
79 3020
7394 7917
1239 6576
6462 8948
3117 8172
8679 9231
5651 6496
2623 6325
186 5155
2585 6155
3603 9671
6906 8652
9453 9822
2886 3949
2615 3947
2355 9806
2977 7522
37 2426
3292 8225
1811 9331
1484 2225
220 4747
199 6938
4795 7690
2932 7459
3561 5241
780 5184
2733 6703
2576 2914
224 7143
8552 8598
7638 7653
3735 5501
2302 7355
4208 9937
770 8170
628 1627
3113 7907
6672 6780
456 572
4991 9189
815 7264
7101 7177
4133 9371
4241 9192
8782 9468
1277 5740
6192 7997
3218 7101
4548 6654
6076 6981
5774 6370
5610 6144
3259 6444
6333 6654
4147 7801
2123 9197
5260 6802
1308 7286
1920 9793
1946 7578
4931 8687
1612 3885
5459 6922
3033 8992
2258 4189
4712 7667
4533 9591
3436 6161
1303 7991
1159 4022
7125 9403
1011 2115
2220 3820
6295 8233
181 5341
6731 8812
3436 7302
66 5230
5714 6154
7092 8878
7271 9861
1609 2956
407 7634
5102 5260
7584 9952
969 5593
335 7970
5971 9841
375 3899
3111 4898
6392 9775
1176 3649
860 2896
5289 8562
416 3957
7890 9674
3466 5054
3373 6711
128 9655
6114 8574
963 6542
6344 7953
707 4122
1199 3388
1095 7634
1043 9493
5532 5969
1868 8138
698 1264
5772 8448
2735 6522
4100 5047
7022 9035
904 7806
2129 2367
5276 9246
913 4741
6695 9385
4106 4468
2868 6045
2696 6760
8822 9860
4288 7756
2294 7416
7435 7888
1142 3190
1768 4170
7111 8826
8194 8466
9130 9632
4595 9371
1382 3638
3137 5184
633 5188
2372 8070
2153 8397
812 3163
815 3746
4756 7520
6047 6636
1618 3824
8230 9092
6068 6200
2383 8604
224 4577
6239 8404
4297 8230
856 3241
4397 5416
970 8885
2729 5908
3389 4217
1046 6309
3959 8343
8685 9452
22 2656
2358 5207
5198 6436
5910 9480
7215 9985
7505 9198
3027 4531
5002 7632
2384 6490
3527 9423
3020 3756
1332 6571
3921 8123
4453 9102
3092 8892
6344 9514
4513 7376
1587 4541
5458 9092
2949 4519
4596 4719
7163 8721
9072 9504
570 4772
1122 8498
2530 8832
958 8202
3976 8654
9255 9607
2484 5863
6574 9648
734 5759
1630 7606
518 9524
468 6155
1649 2726
1440 4829
117 8600
7392 8161
3932 4744
701 1181
5374 8580
1064 5754
4232 7566
5818 7707
3362 8040
506 6268
3198 7374
4368 7338
4280 4957
334 479
1063 9006
222 677
7408 7736
8784 9601
5171 8514
2965 4904
5563 5590
4182 7347
4556 6809
3937 5473
3866 6506
9489 9711
8639 9888
1367 8232
4007 9750
2162 8749
4750 8364
7105 7254
3259 6243
1608 2635
3027 4234
8788 9418
3621 7898
1806 2164
3113 3742
1406 8713
2162 6845
2135 2438
1098 9475
2783 3517
285 804
2070 9503
3466 6599
4169 4909
7782 9937
292 7716
3717 6043
3714 7060
5404 8092
2775 3849
2348 8733
2187 9331
351 4714
3714 5889
511 7507
2471 6695
4053 5323
1648 7659
1121 3725
5040 5401
225 7684
5725 9524
1940 5515
6208 9570
1073 5036
8871 9628
8739 9933
193 7791
7790 8605
253 2890
5333 5825
7717 8730
3608 6673
602 1030
5056 9929
6107 9523
5733 8534
2125 3042
2642 8820
3907 6119
4401 8488
8446 9281
5306 6006
4168 4311
3318 9272
1327 2950
6234 6536
1539 7118
116 2669
1747 7244
6881 9571
57 8576
6592 9659
3858 9999
1389 5304
1664 9809
3198 3553
7114 7730
1069 9606
4443 4444
3750 9761
6437 7637
1783 5154
2060 6572
61 1727
7170 9758
1609 6098
2332 9622
931 3653
789 7946
8294 8776
8961 9433
3080 8041
3796 9060
4512 5793
2177 2589
1609 4721
2473 6787
6734 7748
447 7215
444 6329
6243 8568
1728 8477
6906 7223
997 2512
2985 6780
5095 5481
4367 6402
9035 9628
88 7738
580 2227
5913 7256
2367 3958
244 785
5733 8588
4807 5021
7246 8618
5889 6651
804 8961
2763 7412
2224 9115
1102 4777
2915 6636
1091 5999
146 3825
785 4555
579 8076
3949 7709
6478 6655
5586 5605
6760 7704
519 6155
3577 7673
4360 8298
495 4992
505 1910
3579 5489
2156 7781
4225 8671
4156 9758
4911 6505
7125 9393
4202 9194
337 2851
3316 4743
4944 5691
4059 8467
1967 4119
6694 8812
1969 2199
6427 7784
2531 4366
7382 8557
6009 8144
2890 8667
61 1947
3316 3813
657 5849
2603 7290
4867 9692
343 3852
4590 5531
3427 6323
4468 9132
6499 7550
753 2808
1573 9299
3229 5944
121 7410
40 759
894 3948
4610 6091
121 7832
3029 7340
5994 9337
1775 7286
842 4478
6289 7584
5405 7223
2885 9813
2349 5094
4977 9816
2729 8114
444 8208
4454 9246
7578 8117
2415 4875
6820 9367
2451 7536
6603 9840
8 3901
4386 5317
5278 7413
377 9598
6289 8350
40 9462
3271 5801
7394 8506
3020 6438
1799 2733
6350 7701
5467 8849
3612 9280
3943 5124
3698 6875
3376 5330
1856 5586
703 7410
1438 2164
1354 8395
1312 5034
3969 6769
875 7562
5816 8072
536 9724
4443 7335
998 3836
1134 9299
4397 6759
3271 9551
2825 4763
5418 6734
966 9497
2102 7758
2521 8871
7359 8856
232 6309
6045 7677
4533 7371
3717 5514
783 7875
1157 5762
8589 9807
3291 5864
6601 7758
703 3415
5071 9557
253 4615
5201 6494
1801 9057
1697 8344
8512 8995
1736 7145
1580 4387
563 8104
8752 9126
6478 8205
2211 9860
4557 8025
4411 4561
2004 5650
4992 8871
224 6694
186 4342
1045 3115
5385 5975
1050 2992
5418 8568
4673 9822
6253 6906
1383 9004
7262 9113
2392 7739
3969 8126
2256 8258
2274 9978
8136 9952
7205 9289
4408 8084
5295 6901
6206 9145
6083 9552
9 7581
4914 8441
13 4002
7621 8671
3884 4924
3427 4133
350 7934
278 5778
3505 5718
2145 4473
5973 6186
6341 7126
2921 8846
4998 8872
3472 8079
2754 7799
5868 7428
2558 8926
1584 8654
2048 4354
1070 7446
379 8183
9083 9646
6819 7736
815 7989
1228 6623
1391 8311
1983 7529
2596 6304
240 6791
54 2785
57 7782
1010 5369
9465 9638
5479 6553
6111 7695
2241 4477
7592 8487
882 5913
3979 5011
4841 5813
2866 7154
5054 6307
4101 7205
5408 5562
4151 5708
378 2574
375 5253
7306 7709
978 4906
303 9556
779 6687
1920 4885
1874 3148
2010 7490
1177 2269
2340 4102
2425 3641
3163 9188
9254 9900
4941 6527
2616 5151
4606 6666
751 1006
4170 5178
9125 9714
8879 9648
7234 7551
518 572
2297 9514
5955 7887
1189 4656
320 1379
1565 8064
3919 8204
409 9621
2377 9595
286 8705
125 2428
1380 4948
3932 5183
5900 6417
2801 6230
650 7717
6196 8883
7890 9543
7051 9475
2407 7092
3505 6729
5377 5585
4360 7071
1747 8822
511 997
741 1904
4504 7950
5874 9437
4762 7360
7371 8284
7233 8716
604 5914
1194 3286
9532 9988
7621 9132
1181 1517
7323 9711
1748 7150
644 4128
5002 6926
6154 7435
5222 8160
3520 6636
2023 3957
385 1783
3921 5579
2392 2656
4065 7996
2241 5714
2926 7289
3406 6527
3601 6959
6123 8252
1833 7133
1279 5682
664 8608
6969 9625
164 2237
3236 8069
880 7374
5496 5627
2294 6926
3351 6652
306 714
3619 7990
124 1323
7820 8388
5125 9674
1537 7028
1724 6989
5323 9982
7292 9486
1757 8344
5516 9763
5633 7254
9231 9528
5938 6628
5533 9991
2919 7686
3776 4278
409 2393
1043 9786
5999 7317
7060 8585
2066 6890
3450 9772
1508 7284
5124 5615
4263 6493
2373 8554
373 7229
3836 4148
3399 5876
145 6120
1727 4277
1405 2580
129 164
522 5007
1366 6975
765 3395
3814 7990
894 4386
6174 6818
3691 4273
880 6989
5304 7350
7403 8727
5093 5501
5607 7803
512 5874
3599 6557
455 6849
1134 4885
1375 3068
4560 9475
4166 6549
78 466
5026 7718
2538 6068
3958 5478
641 2417
1374 4849
584 7426
3686 9004
7951 9101
2273 2530
5260 6200
3716 4427
3179 7350
988 9384
1568 3152
5877 6231
4868 8843
3527 7739
3569 3769
4513 8131
2748 8623
5762 8975
2538 5527
1118 3778
2112 7639
7361 8552
518 9981
6810 8864
7330 7394
8316 9682
769 2746
949 1669
620 8757
5159 9240
121 3823
7432 8467
2480 6737
6953 8759
2585 4103
787 7120
6373 6596
4410 9696
6053 7406
5551 6421
8066 8273
2190 8286
3167 8098
646 6706
1697 8460
4065 5458
4086 5492
3198 9475
2635 9514
7557 9043
8926 9138
1138 7125
4056 8558
770 7085
2015 7302
378 1626
1326 2733
7406 7932
2030 6702
723 9937
5770 6206
1882 3650
6987 7220
2355 5888
4137 6053
2271 8715
8422 8618
4239 9464
9210 9465
1685 5323
2451 6304
7791 8473
178 3436
1007 3660
1658 4258
5449 9854
1237 7469
529 6194
6430 9783
2399 6574
5121 8208
1883 3175
192 8071
5175 7362
629 1811
759 8181
414 6267
1177 5117
1660 9292
2060 4911
5243 7160
6527 7852
146 7969
783 9720
3756 8847
4588 8136
607 6330
172 8209
6539 9798
1309 5975
2002 5890
653 5581
5124 7169
5314 7440
3431 5329
4482 6958
194 1253
4869 6901
2620 4133
4444 5854
3021 5518
7208 9252
3105 7876
1145 6927
999 7032
1983 6802
6200 7852
700 9740
2048 6732
218 3423
6025 9355
22 3527
236 3215
6775 7951
1775 6232
8159 8941
2405 3020
3344 6551
1098 7607
2627 4443
181 8522
8619 8963
2203 2694
2031 9743
4413 8306
4561 9071
5030 9649
378 9416
341 7599
5168 8947
5535 8418
5725 7316
2914 8589
276 2965
1697 4621
2306 8723
285 2004
2651 7306
3344 3761
2115 3512
6655 9982
2387 7653
4762 6807
931 4067
5160 6070
2642 4718
4010 7917
5002 8822
2406 7632
4779 4868
2826 2970
3550 6023
805 3061
2297 8654
3845 4371
9140 9780
3848 8030
4415 8102
3487 7756
4998 9692
1463 8693
5232 8576
188 9217
3259 7412
7101 9385
253 5627
3986 9492
2015 2656
3523 5031
185 5404
48 7410
1771 5422
9188 9404
7519 7948
3203 9716
7137 7682
3139 5436
40 3849
2818 8862
1861 8233
5851 9775
2105 9141
2746 3910
1702 8655
2516 6411
8286 9631
170 9550
5946 7653
577 3337
7492 9787
954 7519
3445 6142
1881 8730
5058 6890
115 9327
3040 6126
4346 4616
4880 5925
3682 8855
4003 8705
1303 3482
2081 9000
4255 6487
1667 9246
9357 9406
6435 8350
2554 7059
2169 5559
2870 3214
359 7085
655 2145
2020 6883
3598 5860
508 2130
1426 6787
522 8534
3735 4942
3583 9442
2544 6623
5942 7429
5661 8699
167 8276
471 5881
8856 9400
3088 8424
2963 3864
841 6278
1389 7011
6370 7097
4902 9011
2698 3869
1558 8058
2039 6363
1849 9442
1905 5229
2715 5283
407 970
651 691
877 8741
3376 7102
2333 4374
2316 7736
2949 9072
5266 5875
1973 6867
4128 6156
6560 8108
8717 9134
510 6835
4541 6414
4536 7634
1122 1525
2531 8730
2580 7465
1491 3949
7725 9464
2013 4583
3451 5079
1625 3253
7958 9041
1319 3223
6028 9807
5422 6651
2188 4044
303 7698
264 8363
4258 5194
2953 8208
4008 8645
1309 1626
170 1477
3283 9607
418 9982
3864 4610
3268 3622
2694 6521
2666 4427
1218 1550
4869 6929
6437 6883
3541 4064
2874 8350
2850 4011
1565 9647
3444 5971
5873 6797
620 2385
181 880
7051 9043
707 7264
1382 8855
584 4044
2667 7113
2105 9429
784 5492
3932 6504
944 4872
1494 4344
7670 9848
1552 9451
1186 5701
8890 9632
5210 5538
7468 8404
8097 9468
3505 5999
4040 7276
2545 6899
415 2945
4430 7271
930 6535
170 9015
6286 9178
4777 5101
3944 7934
2679 2904
818 7158
5535 6277
4835 5048
10 9096
9238 9801
1678 6836
324 2074
6511 8118
116 5451
351 9879
2858 5136
401 6372
1287 5645
1660 9524
2098 7413
1221 3012
3229 8344
561 8259
2574 7347
6787 8803
8024 9724
2511 6754
4065 9400
6777 8871
759 8488
2735 8992
6476 7416
5835 7178
2227 6208
2757 3036
80 324
206 608
761 9633
3647 6493
1602 1806
1228 5268
1237 2271
1669 4401
2073 8017
770 5108
1607 9780
9264 9583
40 378
1667 4635
243 8272
3529 5124
1731 3752
999 7085
3529 5913
4368 8753
1606 6598
3209 9240
7209 7852
3520 9937
395 6473
2428 6400
3127 5268
5329 8209
463 2890
1204 2585
2020 4817
936 3000
5171 8125
1453 8104
1232 9106
1307 9170
3525 6654
2441 4374
2512 6200
6021 8219
4033 6539
1354 2924
6574 9012
409 5989
2188 7044
1537 6693
2696 4214
5168 9900
6414 8641
9397 9640
2583 9156
2580 8689
6488 7347
2289 4152
3036 6754
1676 6809
227 6556
5583 5915
2420 9360
589 2451
4979 8649
2966 7511
1574 6576
7949 8221
2749 5796
3905 9733
8062 9270
8350 8831
597 8723
2271 4501
4789 7932
7413 9685
4474 6854
716 3313
2558 5908
1443 7348
2521 4302
38 2541
1610 2214
1401 3751
3944 7532
7578 9330
5592 9706
4084 6830
1322 5415
4858 8293
588 7330
366 5988
8747 8857
4541 7888
2701 5799
4445 4639
7591 9111
1903 9327
3040 9043
4588 6377
5198 7316
902 6368
7105 7222
5252 8462
3849 7600
3502 8721
6629 8428
1475 5609
2112 4230
714 9109
91 9669
1602 4854
4154 4395
5578 6581
8693 9159
5419 8228
2899 7739
6273 8725
9680 9969
4525 8064
1445 5873
1382 2783
795 3526
4660 6448
3082 4031
147 6764
812 1790
4018 9585
1839 2667
4599 9888
7113 8801
2105 4868
214 5964
2419 5248
1665 5121
3190 4008
793 9157
1857 9285
5304 5807
3679 6084
4087 5654
385 5496
4003 4145
3776 9534
1986 4974
4169 6936
5968 9240
395 7334
1456 6623
1811 7365
620 4374
1336 4008
5215 5404
1274 8272
2649 5178
1459 2325
2606 6083
1069 2302
4382 7739
1969 9314
42 880
5625 9477
1010 9132
3833 4386
6844 9276
1293 8619
5518 9475
4588 5168
8436 9899
8073 8165
1857 6769
4453 7991
474 2295
4973 6807
2764 5158
1610 3198
9841 9913
2649 8466
2328 7352
2561 4501
2622 3486
1935 5891
3461 7142
2115 9503
6154 6610
1169 3050
6922 7858
2935 6984
3262 4985
2367 9714
321 3254
217 8784
18 7360
471 8357
674 3920
1840 3456
641 8678
4446 8148
396 3394
1228 7238
5950 6939
2946 7744
3190 7050
4455 7377
5409 7881
4952 7071
2034 3240
568 9320
23 6838
1102 2303
2557 3232
1988 9156
8667 9191
3415 9916
2591 2976
1618 4134
5523 9327
1050 3215
3919 6670
9080 9394
1073 7930
2730 6266
2916 5206
5877 6192
6820 7359
6289 8396
3477 6457
8826 9246
7923 9762
1239 7001
1799 7990
1253 9488
8488 9783
1219 8641
1171 2730
3395 7624
3409 8955
994 2879
1330 7162
2721 4778
8209 8534
343 1932
2694 9090
970 2254
6105 6476
5854 9694
1382 5873
8828 9826
6309 7089
364 4967
2361 8332
18 8194
52 3428
4182 7383
2271 4063
3613 9192
3580 6294
1064 8097
5233 9840
2114 3076
3326 9443
477 849
7573 7925
4298 7103
5900 6993
141 9060
3298 9099
5329 6901
7165 9083
1160 5254
8396 9285
4044 8366
5615 5779
759 6662
5117 8059
3289 5006
2656 4783
2211 6694
706 4801
3215 8488
1909 5273
1784 2314
3525 5578
625 6922
3645 3976
3817 7149
4733 9423
142 3019
8820 8826
3453 5404
575 5958
1068 5772
1542 1779
3201 6831
326 2548
3066 6920
2043 8498
7160 7848
4877 5704
3454 6376
3064 5207
7108 8601
6431 9515
5851 7357
220 6091
684 937
6742 9860
6866 7840
1921 8869
737 7749
2428 4615
1027 1958
641 6654
378 7362
6563 7277
217 8669
232 7619
3800 8181
1318 3446
1660 5779
907 7473
7028 9240
1589 9194
1380 9811
186 7060
1386 3108
4526 9514
2330 5468
1525 7790
6124 9600
3608 7997
395 8783
117 8104
2402 7407
3785 8108
2406 6282
3154 9299
3959 5108
375 6185
6979 6997
4446 7717
1052 2617
6748 8223
3598 6400
452 3137
1059 9212
2061 3619
3763 9093
5488 8788
276 6757
5056 7490
1300 9066
4557 6769
399 8856
14 2980
2945 7534
7437 8829
14 4415
4594 6194
3863 7306
1859 4726
1946 5677
4974 8312
4016 5994
4500 8667
5488 7140
2854 8899
6809 8692
7156 7996
545 6033
2110 5835
2885 9255
2452 6237
4462 9977
210 9076
1423 3871
2114 2618
75 8151
2015 5186
8182 8294
3082 4415
6599 7803
6490 9924
5711 6145
185 9094
1184 7251
1997 2372
2478 5254
2595 6253
5188 9694
8708 9240
1651 6699
2473 6421
1738 7392
4682 7604
5863 6282
784 6338
4815 8855
1007 8991
2704 7824
202 1439
2735 8254
2561 2666
1958 7361
2691 4310
1761 7587
7248 9092
1382 8687
297 7981
8443 9285
3456 5593
2720 6226
5368 9838
1806 5979
1231 9798
4935 9606
2562 4649
3303 8744
4820 5120
3512 4588
6075 7248
272 3340
5230 5630
1733 3119
2627 4606
2369 3367
396 3080
7037 7910
5915 6783
2835 9100
763 3908
5917 8132
2915 7061
4540 8272
2034 5586
1610 3535
1861 2034
1508 3218
117 5610
173 5024
3579 6232
1802 8288
522 958
707 4267
3717 6760
7251 9888
6175 7021
3455 7248
409 5996
1609 8451
2763 7332
4661 6126
4401 4778
3856 4183
8203 9904
2481 3654
3127 6845
3070 8596
1217 5098
1066 5045
1848 2096
6922 9672
329 9196
5185 9092
5093 8927
2307 3080
2311 4750
6073 9064
4369 4931
6512 7924
3175 9758
2686 6281
5941 7209
6282 7191
912 8533
4072 5719
2083 9910
1322 3354
4382 5579
6662 8632
2213 8473
3561 6431
522 3763
5279 9733
420 9489
8594 9196
6613 8598
1763 6663
3283 5939
9101 9838
125 8947
59 4008
6653 8219
4762 9601
1351 9371
1929 2152
3885 6125
6809 7557
1382 4815
2419 9140
2490 5911
3040 4704
522 7432
2574 3982
4639 6525
4044 4564
6910 9841
1897 4960
1530 6391
3602 5695
3735 8628
563 1890
3359 9000
4954 6596
7989 8775
3700 8965
4837 8613
1500 8521
529 7490
343 583
2839 5600
3008 5583
5541 9510
2033 3223
289 1610
4257 8715
6660 8097
3190 7927
759 2307
1346 4983
1050 3099
4988 5488
5610 6683
5095 9474
2357 4455
5036 6441
4658 6876
2958 9920
4740 7321
3890 9640
1320 7200
115 6979
5096 7044
7510 9386
1130 3032
4440 6410
7506 7667
2082 8788
1379 8114
129 8707
463 2203
3837 4010
3791 5188
2426 5847
194 6923
4016 9429
2858 5770
6385 7140
1463 5282
379 794
3820 6073
5740 7876
5654 8341
5682 7944
547 4067
4937 6397
5339 5670
4382 8557
777 9586
5947 9839
284 8300
4170 9071
2564 5459
1362 1630
804 8418
4628 9750
2692 6184
1316 6119
3455 8194
997 9638
2881 4285
1882 9285
1796 2561
1294 8318
5586 9290
3031 8338
1809 7365
3163 5121
5523 6997
4082 5094
4068 8285
29 7323
1529 6021
573 7164
5428 5705
4065 5719
2959 8864
6407 7695
2642 9646
1894 5401
4458 6906
2946 3683
6608 7689
5637 6192
6011 7261
2146 6759
6789 7697
3126 7311
2420 7156
4244 6857
2542 9455
3995 4864
1608 8916
7097 7379
2378 4369
549 5274
5849 6599
2034 7669
736 8957
1618 6730
4278 6922
1379 1381
253 4608
6071 7539
6527 8194
5971 8146
2321 7292
7919 8834
752 5096
1537 6761
6767 7719
2548 3275
4248 7557
37 1790
4910 6219
2110 9066
4579 7085
2100 7204
6017 8109
2746 5071
3163 5615
1626 8934
6370 7407
5230 8472
1449 7428
190 4841
4712 4997
225 6989
3837 7150
1110 1287
1362 5969
4433 7248
2841 9206
1512 3175
1371 1851
2105 6816
6314 6457
2972 9240
185 8181
7451 8083
5406 9526
3785 5327
6011 9139
1596 1698
2060 7743
5703 9967
2890 5716
3959 5365
1420 6226
1501 1635
1026 2909
3636 6839
4714 5599
1715 3959
4433 8970
6004 7948
4374 5142
4304 9532
9543 9674
115 7100
1459 2471
6787 9385
3937 9412
821 3608
3209 4998
2066 7680
5550 8347
2616 5401
2241 7263
1934 9774
847 9848
1667 4866
7259 7434
2956 4702
5868 6996
7251 8460
2530 3486
4837 6718
4100 5516
2040 6535
1941 5613
5264 7048
3856 6979
3961 5513
3064 4526
1463 4133
4527 8815
4469 5304
860 7499
6011 6317
765 1276
347 8025
2227 3738
3942 5131
6164 6168
5479 6227
5594 6153
2414 3954
1658 5222
6025 7950
5694 8559
6878 6966
2963 9974
673 4236
1649 4838
4019 4096
12 1669
5198 6760
4599 9433
7313 9094
2060 3756
4298 5684
564 7067
1789 8494
7735 8749
1416 6098
5193 9454
3007 4147
1231 7858
1560 4915
2399 8685
970 9384
759 1578
7695 9622
5103 8365
5121 8757
1171 2164
3731 5917
1862 6278
8486 9385
6084 7478
2024 8498
2311 3904
129 5236
3562 9480
510 3246
2377 8308
522 8318
3576 3980
2121 9565
1068 2696
2749 5749
3616 6330
3858 5113
2085 3267
6659 9524
5865 6304
5762 8904
410 511
2205 2548
278 3011
7392 8853
8218 8623
7105 9669
12 4311
633 4113
2081 3871
5415 7431
2620 8540
5551 7058
893 2211
5587 6330
589 2480
1661 3622
7608 9514
7696 8803
3961 5758
3050 9468
3042 7632
3461 9952
891 6167
1375 3154
4941 5174
5771 8183
6775 9576
1232 3965
2506 7490
6730 7709
3896 7362
7254 9326
4162 9083
751 6338
3163 6659
3776 3969
6392 8639
395 4478
4905 6519
3921 6828
176 6696
8388 9009
4065 9634
8794 9452
5121 9404
4031 5117
6618 8343
3270 7912
2487 8724
5284 5415
4608 7435
1826 2107
3625 8846
1069 6043
5899 9337
1004 6844
1422 2478
8974 9924
4690 9488
7279 9277
5829 6364
4288 8872
6844 9837
2512 6068
4469 9083
8434 9888
2188 4826
7445 9022
1465 6315
5143 9173
4151 4656
684 2994
2288 9668
7252 7975
2712 8974
1459 4789
2202 4561
5877 7560
5210 8030
7519 8490
2958 8908
4629 6385
3549 5818
2167 7406
5207 9422
8173 9780
473 7026
439 7748
63 2370
2074 7641
5277 5501
736 6958
2515 5292
4843 7134
4852 5485
3767 7281
3583 7215
508 1740
2294 7707
8206 8843
6819 9172
2017 3198
981 8035
6842 8550
6722 9908
7271 7670
6204 7977
700 4060
5205 5409
2171 3089
7502 7934
5158 7107
2286 4183
2069 6246
1862 9768
4458 6700
1317 9480
6886 6964
3215 5656
85 5874
8512 9033
3420 7880
2058 7891
5595 7552
5605 8471
5679 8451
1244 3859
2018 3338
547 3595
700 2671
8613 9936
7682 8915
4145 4687
4062 6487
5088 8975
9099 9281
7254 7772
3915 6384
3500 4366
5100 5186
5989 8871
1659 7432
5512 6145
5615 8208
1072 8928
3644 6681
1669 2241
4010 4016
765 2349
3288 3579
2407 9067
566 9646
6021 7606
1059 9360
1591 2341
3957 8197
881 2392
3966 5595
3504 8341
2423 5117
4872 6449
1744 5899
4942 7746
1254 6440
7279 9913
4226 9721
7051 7128
296 6358
1232 7277
609 6464
4378 9530
474 985
2970 5119
2260 4787
3639 7212
4119 6651
129 468
8036 8856
2834 4357
4037 8131
6489 9512
5921 8229
1904 3326
706 6294
7286 7767
4626 9361
7160 9724
5633 8289
6179 6212
54 1069
3154 4704
4421 9403
4397 6493
4590 5994
5516 8439
1406 8239
6098 8507
8384 8679
13 9937
5685 7743
880 7502
8277 9015
3215 4594
7592 8927
635 1769
882 8117
3954 8172
2782 8998
2503 7697
2545 7735
8477 9062
4464 9679
1317 4549
7043 8399
2890 5479
1777 9716
4102 9174
7206 9948
1050 6317
1354 3585
1750 5794
3263 7349
3457 6073
2239 6138
3569 4293
5616 7704
7291 8252
2304 8432
8078 9416
2966 5501
1463 5974
7745 7821
3027 8995
6259 9519
3102 8129
6703 7766
4248 4766
141 2083
2926 8204
4654 9961
6845 9980
474 2589
902 7302
318 9337
1317 7001
1855 7944
6581 7251
778 1719
8473 9011
1635 6365
3716 5708
291 1834
3675 5741
798 5721
4357 6830
1569 2438
196 2393
2090 6563
3932 8925
2471 7001
3273 5148
3033 5944
5395 9091
5843 6194
6654 8284
6050 9671
4931 7476
1535 3574
1573 2034
1027 3209
360 9325
6905 9530
1142 4878
2136 4240
8363 8412
4311 5796
3229 7361
4239 8466
5190 7816
1103 7438
299 1848
2073 7476
818 6179
1868 7691
5373 6008
5796 7408
359 3228
3459 3652
999 2050
3527 8123
1178 1802
5329 7739
412 554
6376 8233
1641 9209
5415 9504
1185 9878
5707 7147
1404 8102
5843 6947
7910 9787
2295 6289
1529 4829
1558 3000
4068 6578
5153 6980
3837 4952
6323 8350
4998 8782
318 2795
2043 4398
2161 6996
2785 6043
181 574
5096 8230
5330 9101
3256 6617
1139 9568
810 8863
1239 1459
5089 6947
177 544
2653 7110
1790 6870
1103 8039
2373 2499
2713 4386
567 2721
6278 8204
1148 9138
2647 6617
1578 8092
3115 3688
5679 8614
5900 8168
2891 8964
3451 3683
5740 9129
8322 8673
1205 9464
3301 6717
49 6141
6886 8422
7194 9841
3854 7189
782 1386
5969 9738
6983 9631
4915 5946
6654 6704
4977 9359
4044 7286
4829 5488
5547 7798
1406 4169
1855 7520
3976 8640
1718 8320
6794 8424
4230 5994
3485 6206
1373 1747
4315 6350
2782 7078
206 4543
7358 8552
5889 9058
7160 8024
1706 6914
6309 6930
2227 6487
1802 8745
5650 9714
4504 9324
1856 5717
207 7176
2809 4214
2341 3271
1010 2713
2696 7355
3476 8598
2257 6325
2373 4983
2696 9246
1682 2350
4599 7279
6113 9839
1618 6316
1316 8882
2730 3326
3505 7837
7412 9276
1085 6898
7060 9523
7920 9660
4720 7676
3590 3934
1757 5899
1628 4985
4293 9492
3787 6883
381 5909
4346 6508
391 1371
185 5292
385 4885
1275 1375
2958 8743
1084 6028
6715 9760
4170 5733
1115 1128
4344 7271
429 6320
5779 6866
1883 2004
1484 8980
6798 8109
5952 8899
1235 9091
6085 7279
86 963
2896 9694
6270 7903
1363 4560
2708 7935
7213 7374
881 9299
4258 5701
2391 5999
6315 9153
4503 5610
3525 7934
2649 5562
3968 8552
6477 7285
2266 9334
4072 7393
886 3653
1406 8083
1529 3042
6230 9280
4988 7140
3072 7156
2101 5752
3124 5833
510 1293
510 5459
224 4148
1586 2307
1697 9429
9300 9556
3185 6802
6715 8104
6273 8007
7950 9326
1744 4427
439 4265
1308 6972
2452 2649
5404 9713
1658 2748
3111 3864
1489 1560
156 9124
4046 6154
2614 5360
710 6314
3731 9163
170 2617
1715 2050
5516 7676
4195 6922
2423 5174
3956 4257
2616 5002
4321 5136
2783 5541
2495 7786
308 7996
4602 4688
6864 9864
6210 7321
337 5129
3964 5975
666 4510
257 8654
1512 4156
2 9728
23 8194
5978 9716
902 3436
2340 4770
7435 9478
7181 8446
2863 4766
921 1431
2480 9051
3529 5185
2549 6215
3148 5458
3444 3624
4568 7253
6588 8576
4982 5672
6549 8820
8894 9292
1010 7673
1041 2484
1063 1269
6877 7124
4018 8005
2110 2361
1185 9780
3068 8453
3716 9462
1100 6839
2213 6310
5096 6730
3851 8789
4455 5330
3563 6884
67 3836
2874 5607
321 3768
4608 9607
7210 8168
4988 8422
3899 6487
2426 6253
1319 4915
2112 5341
1063 8741
3275 5490
236 3015
1953 9098
1768 3115
6370 7730
9475 9775
1571 9822
7422 9589
6107 6231
1890 9692
3215 3983
1041 7839
1738 4792
2584 8522
3944 6032
5705 9478
4468 5999
5808 6539
1620 6971
6728 9692
4170 5562
3362 5149
1744 9462
8314 9584
6769 9285
3901 6957
5239 5971
3630 4336
1713 6666
8681 9232
7264 8432
2846 7832
5013 9337
3859 5926
5911 8108
7323 8194
1630 4988
5496 9813
6653 9212
8519 9892
2825 9280
5151 8654
4648 8618
2642 3127
471 2881
4239 5562
5292 6194
4214 4762
1946 9107
3563 7765
1150 5422
633 9622
4954 6748
1771 7067
5762 5803
4692 6815
2785 5121
586 6028
1102 6192
4651 9125
3934 7516
2548 7725
989 8680
133 500
6008 7801
5555 6973
684 4724
3757 6020
4506 5763
3787 6852
3022 3289
4062 9360
2904 6480
537 8912
1731 7038
7709 9952
3859 4269
1680 6987
1896 3105
518 2696
1102 7669
3045 8256
2058 4449
8239 9980
981 2925
2050 7694
1643 4182
6451 9973
5492 6025
3530 7826
3074 8566
2241 5609
6576 9300
5198 7510
34 6752
145 5501
5527 8168
233 6733
1383 6145
4501 7571
6493 8862
1193 4912
2188 5248
657 3553
408 9189
1875 9763
1881 3765
1058 5271
395 8552
4762 6167
406 9501
3814 4431
3175 6075
2483 4270
751 1201
2511 9743
7639 9766
3108 4287
4836 7822
2141 2614
3763 5683
4003 7208
3007 7421
2779 4358
4163 9927
3395 5636
4835 9525
7648 8104
3737 6120
3361 7110
656 5910
1361 5861
6231 9500
6703 7251
4974 8230
3653 7393
3213 6295
2567 5284
1518 9358
8549 9874
1483 2004
564 1416
3198 4386
1253 8288
6686 8789
4508 9836
4230 5944
6484 9352
1006 4872
2347 8243
241 6607
2866 7332
7097 8466
286 6810
2350 9852
8209 8588
5865 7584
5271 8108
5040 7669
1003 9786
4290 7244
536 6655
857 4074
1304 8691
767 2561
2008 7325
6621 8211
6819 7051
8103 9490
1459 1665
1904 9418
804 4065
3444 7704
6345 7527
570 1993
545 1840
474 9237
5797 8568
7481 9314
5714 9434
1769 7950
4136 7362
4007 5806
1768 7360
3215 9867
5234 7490
2210 8607
7736 8822
752 9404
4673 6658
2304 8272
3244 9696
7464 9234
1840 8016
735 2573
4330 6043
5162 6345
3080 4477
5292 7051
3581 5682
5437 5496
6993 9631
1767 7426
4938 5721
3891 7097
1931 9697
3266 6988
3731 4970
4355 9479
2158 7219
1389 3344
2603 3732
2381 9255
5265 8441
6777 8553
7360 8427
1274 6586
3541 8068
2004 7639
3380 6652
2483 9091
194 1221
3507 5185
6262 7244
7725 7730
1573 9862
113 3102
5771 9500
3585 4857
308 2277
5807 7497
6232 8677
5102 7927
3020 3435
3026 5019
6060 8248
8732 9329
4807 7030
741 1635
4119 5861
2455 7578
646 8155
5697 7519
2341 6023
5424 8276
6269 8343
2783 3566
2034 5006
67 4898
4840 8781
8685 9009
5225 7248
3850 9807
907 8692
1719 3985
2793 8083
2538 7374
4875 9966
2506 6805
2994 9434
878 3153
8335 8865
366 9454
3175 9860
6883 9131
2914 9075
31 6289
7158 8775
882 7996
814 6032
2302 5613
1888 6376
5509 7981
2302 3262
1058 5331
2386 2713
1102 3185
5517 6922
2988 6668
804 2825
3148 9725
7022 9514
1947 7453
4704 5258
4401 4440
345 3726
2696 9555
7692 8908
8671 9606
480 9129
4912 6204
2225 4440
6141 6494
4406 8281
4128 5632
6886 9094
5535 5682
474 3070
320 6623
7477 9242
116 7277
9860 9910
8435 8894
6294 7319
3030 5669
1961 7011
633 5974
1839 3007
8725 9801
5279 8855
3878 5900
206 3942
7921 7986
2491 6694
2562 3472
4010 4872
5273 6849
2474 9969
8304 8601
1680 7719
245 3975
3505 5609
6377 9285
1916 3126
6883 7897
3313 5483
4649 7670
8144 9841
2544 7058
225 5360
285 9429
3167 4273
1303 5079
1177 3209
564 2850
748 5861
5978 6270
6315 7604
734 8559
3889 6995
2793 7214
4922 5710
124 2360
5651 9243
5985 9085
831 9350
3472 9326
304 8893
5570 5882
5587 7219
6281 8969
3529 5578
5075 9054
3364 6417
170 1830
5124 9692
4468 7181
9685 9763
4382 9454
1910 5424
1507 9523
4962 9802
2241 3388
5175 6886
4941 7743
2815 9512
3786 9336
3024 7330
617 1402
3416 9052
892 6844
3012 6703
668 5155
1231 1438
4003 7987
1445 1454
1594 9722
2220 9848
7367 8005
4592 6087
2174 6819
706 2311
3595 9314
2849 5112
1389 9107
4073 7432
224 6830
280 9888
220 7170
4545 5145
3848 9442
1887 9314
253 7070
506 9593
664 2116
2428 2907
2399 5207
1534 6011
6367 9446
4145 6802
4738 6035
4368 9674
8506 8600
27 2732
7916 9830
4070 5479
116 8782
952 9385
258 8044
66 4622
4162 6001
6581 8995
14 2487
2432 4578
1217 2909
1456 3366
803 1399
5404 6572
5786 6341
5902 9539
3198 5849
4293 7254
1757 7071
1110 8132
2640 6641
2730 7350
1010 2696
8872 9643
2909 9532
3763 6008
2295 9000
7216 8134
2399 3470
2290 6989
6435 6599
3748 5250
1293 8145
3624 9524
2083 3529
3086 8892
6307 7374
4778 8170
1102 4102
5475 9676
1435 3932
6505 9462
2967 6421
1010 9095
595 4442
1939 4851
5518 6112
3027 6414
5570 7725
177 9477
138 5143
906 5408
2848 6596
584 6983
3234 7111
4795 7505
5102 6934
3680 4064
7007 7513
4548 8827
2669 3932
1594 2858
1643 8490
4133 6694
4779 5001
4948 7673
4622 6018
2406 4359
3964 6621
1240 7689
1272 8560
1573 4755
18 8377
1171 7111
2307 6966
1661 5616
188 855
4634 5048
5900 6983
3890 7845
4935 5944
1250 7934
2773 5682
2817 5381
5566 7393
2604 3123
7910 9547
1221 6923
3562 6323
2155 6083
3893 4830
3746 4726
6914 8250
8228 8466
3968 4347
5982 9864
3507 7256
1217 5965
3563 9130
3313 3746
1171 7529
1006 5213
2757 5306
506 1641
4851 8934
806 1782
5753 7362
3344 3811
2646 8692
5661 6835
6231 7497
5877 9985
1973 6805
5532 9107
752 5357
1484 5229
2721 7724
1560 5989
4213 6819
1362 5070
673 1274
2186 9775
1483 3612
5854 6139
2118 2892
456 2440
645 4044
5762 9093
883 6338
3637 5513
1022 3352
753 7097
5162 8682
1436 9547
5540 8735
3523 7302
7931 8575
8214 8732
6098 9442
3094 5775
998 8652
131 2566
214 3423
1339 9453
8344 9141
2174 8181
1779 5839
5670 6974
1319 7060
2991 7466
4011 9058
1452 2335
1861 7433
7170 7416
6798 9139
3245 6816
5174 6008
1558 6280
5585 6629
1047 1963
2186 6392
5349 8490
7137 7852
1726 6616
62 4902
7977 8435
2280 5304
2286 4016
894 6307
1939 3745
2145 2256
7520 9140
2808 4170
6594 9131
4629 5377
6441 8209
1715 9692
2224 7015
804 4763
6483 7830
1362 5488
170 2324
4459 4506
2423 4151
115 9809
6979 9385
5373 9697
7605 8507
3798 4906
1681 7177
944 1006
2958 6515
306 6091
6373 6687
232 6594
6210 8225
4993 7966
2174 3967
6740 7493
4590 7374
1484 7823
2088 4778
97 4525
4431 6810
265 1522
1958 7556
3175 8980
532 780
4541 6030
1781 8084
496 5120
3758 9591
22 4298
1659 2784
2174 7743
1109 7661
3406 6489
2367 2814
54 6278
6366 9940
883 7811
1065 9926
1801 3520
1895 3373
1803 4037
1758 6817
3395 9341
8519 9132
3256 6155
7440 8534
6598 8468
1228 8853
3919 5678
2616 5411
5059 9760
50 1038
7755 9936
207 4844
2691 6989
4135 6305
7532 9775
5833 7916
1202 9052
839 2959
3292 6533
7995 8211
1181 6990
952 4868
4016 7361
1435 9974
1976 6018
2378 9787
4932 5268
1692 3549
534 2793
3972 4817
5070 8788
6442 7473
3909 5147
2810 7377
3436 8723
328 6541
5753 6505
214 2180
2122 8256
6231 6643
3964 4450
818 5611
4065 4134
2004 7692
1598 2330
7028 9612
54 3636
756 5888
3175 7356
8395 9095
7743 9176
326 1184
7958 9194
1072 8059
4993 6154
3355 3932
3027 3949
4007 7118
89 9173
2717 9244
5358 8550
2492 3520
1118 6533
3388 4658
2360 6154
2379 8771
7182 9293
2834 7448
3188 9296
3085 4836
6798 7416
2589 9423
3592 8366
272 3967
8131 8568
3123 7508
3070 8225
2127 8466
4122 8492
804 9888
4368 5310
8418 9952
5317 6952
4935 6975
4660 9517
5994 7334
2270 7671
2073 6120
778 6830
4096 6267
3543 7818
2567 7997
1386 2643
1894 3974
7153 7611
1759 9173
1340 9650
566 1185
1366 5976
4461 5428
2080 3727
3283 4473
1235 5980
3730 4192
3269 6876
7730 8624
4594 8441
4778 5193
3239 3624
4472 6578
3240 3552
949 1127
7404 8933
251 9228
1839 7191
5418 5797
380 3218
6553 9360
5527 7374
125 3076
2333 5124
224 8041
8872 9800
4648 7246
583 5460
4716 7545
444 9982
3482 4615
409 1811
2352 5058
3869 8243
3966 7358
3541 3680
430 1602
5013 7826
879 1860
1171 9083
5489 6636
5903 8291
5607 8570
673 4715
6474 7746
318 3704
3409 8674
5964 9856
706 4712
2786 7643
8508 9479
3124 6978
1459 6553
3344 6365
7730 9021
2485 7746
2459 9021
5547 5922
6980 7864
1747 4555
6661 8230
6304 9554
684 7667
935 3562
2574 6392
3355 8102
1276 4443
360 1473
5996 7171
6437 7291
2162 2164
8566 9821
7477 9122
3203 4257
7607 9130
2585 6670
1438 2724
3417 6536
3223 5055
1950 7848
7440 9287
81 9813
1293 2386
5106 5373
1703 3823
28 6788
804 5944
2874 5849
8259 8905
1590 8320
65 644
4273 8318
4867 6199
5408 7443
5 3746
2696 4779
6613 7848
2073 8196
3994 5986
2322 4473
3166 9312
1806 7432
2034 8069
3244 7519
8980 9412
5980 7852
7108 8148
3894 9416
5860 7992
3209 9961
2266 7334
1004 10000
6534 8729
4501 7406
7989 9190
6369 9872
4293 7085
468 1820
751 8589
3571 4102
6329 8975
4544 9915
531 6396
671 8057
6079 8165
349 3127
3845 3870
2223 8569
6054 7568
6381 7744
4019 7532
145 3455
6615 7470
116 2294
6282 6926
4687 6845
4453 5315
3427 4003
1965 8906
6025 9258
3174 6687
4629 5070
6686 8632
6636 7209
5124 5136
8686 9173
2391 3812
6617 7832
61 8660
7429 8822
6890 9377
4269 8567
7739 8559
4851 8898
1820 6947
4530 4756
7445 7906
7735 8206
3351 5580
2162 5036
354 3680
2316 9505
5771 5877
2266 8511
3869 4314
6323 8975
5405 8828
2539 2657
9 8052
1861 8030
5501 6599
3187 8857
3027 9905
1669 6659
8831 9670
2584 5876
42 5368
399 2162
8844 9612
3422 5262
3038 6319
1947 3707
3395 4714
6926 9157
1894 4740
440 5055
8084 8773
4293 6890
4239 8492
3850 4205
4355 4770
4134 7996
4836 7466
4226 4928
6890 9034
3686 6102
2584 5311
1771 6748
1733 6535
4272 9130
3704 4817
1984 7709
7459 9380
1408 2122
3229 9141
3921 4981
3733 8674
1874 4497
224 5088
1322 6155
5855 7908
3163 5779
4956 8996
7513 9799
56 1469
779 3333
2672 5374
3737 6709
767 5997
2729 6437
6504 6960
2627 5067
324 6928
3737 6819
1199 6430
563 2095
22 5036
6729 6854
1496 4662
1846 8591
7162 9692
3577 7285
3991 9740
1389 3761
4137 7251
1199 9758
6659 7240
8580 9416
1729 8985
2535 9650
448 6227
3417 7738
2489 3451
3554 4796
1808 3489
4023 6021
3115 5733
775 9022
145 7076
1322 9726
1186 5188
1842 9879
3920 5314
7361 8743
5533 6430
6400 9154
1323 4526
1348 6979
5385 9996
3301 8084
1322 8707
2088 8273
2083 9285
2536 8844
700 2512
3080 6364
5977 9339
251 9543
5865 8831
2896 8884
355 4421
5889 6387
6870 9107
575 1218
3869 7877
4541 6417
172 8318
2166 4449
804 8512
430 5265
1518 2171
5969 7746
8256 9854
985 7632
6330 7169
1721 6936
4376 9721
3158 9828
3901 7005
71 1626
952 7350
184 3639
3690 5094
3064 8161
1250 2606
518 8208
5124 9961
3954 7714
2486 2507
4479 9453
6532 7839
6833 9544
793 4740
6367 6459
126 5307
2623 9038
4 6020
3038 9451
4468 8992
2125 9993
2188 2303
7631 8335
1984 3529
625 5760
6479 9614
2825 3634
7888 8036
6549 7150
4560 5540
2584 8673
8194 9071
4016 6522
1438 8935
431 738
1493 6417
7441 8194
4688 6138
6915 9668
2273 5149
4864 8463
3923 9523
6042 7860
3042 9993
3837 5944
4532 7413
3040 9862
4774 6447
1976 3502
2148 3713
2866 8686
3666 6400
222 6563
284 6537
4113 7798
2463 8055
2025 9429
4935 8036
2339 4532
1752 8256
346 7556
3175 7429
3119 5703
1152 6441
3107 4346
1026 4157
6723 8855
1404 7162
7219 8208
5977 6114
5221 6967
6867 7536
2825 3209
4696 5864
3590 5550
3274 4196
1569 7487
4993 8744
5431 9289
1959 3628
518 7213
8264 9501
3395 7097
4974 7349
1072 2764
4857 5908
3749 8964
2667 9523
8729 9145
6117 8011
1948 3479
5436 9501
6088 7228
3569 6368
1876 9831
674 1899
5272 9207
3919 6877
2116 5313
878 1831
318 8906
630 3264
121 8711
3507 4378
6050 9583
1792 6672
4867 9073
4743 6391
2574 7929
2884 9737
2155 8052
1623 8146
2946 7932
381 9747
5054 7067
2617 4548
4998 9961
4566 5791
258 2211
2333 9188
5753 5918
4650 9900
1855 5252
1322 3854
3244 5964
219 3636
7164 8098
2620 7039
2700 3346
5451 7695
923 9173
359 2095
3292 3351
1371 3344
1516 7384
1063 4772
3529 8995
1308 6113
5694 7972
575 8589
4372 6389
3950 6207
3119 6020
1037 1790
3535 6341
1203 1584
1747 9096
61 3420
2575 5697
3163 6135
2471 9613
5496 6526
1529 8219
4366 7917
5870 8976
5236 6847
1655 9231
3567 4358
3038 7243
2010 7604
3958 5999
923 5143
5880 6922
2956 8229
1571 8314
564 3213
4869 6658
2229 5405
3735 7076
13 2486
1929 8031
2069 4613
3637 4349
528 1591
1279 5535
7650 9760
5801 7181
8043 8981
2972 9986
573 8377
3333 9455
4016 9904
379 1068
349 6139
4797 7670
59 8614
8299 8625
2696 5971
976 3845
1217 8285
2708 3395
8820 9646
9327 9706
117 784
5488 9993
3512 5489
2454 3415
6380 8825
1297 9550
5562 8968
6267 7771
4310 6008
5428 6876
8109 9139
455 1681
222 547
5004 6289
8318 9821
7983 9669
2030 3174
110 6884
2017 4595
1748 9333
125 9296
6695 9961
1722 3521
5428 7170
2548 3266
5365 7105
7032 9633
983 4122
7583 7855
4446 8421
6748 6967
4944 5077
953 7133
2627 6621
132 7317
5260 7691
4293 4333
3477 9645
145 9494
3727 9239
5057 8679
1796 4035
755 4733
3435 8092
5044 6341
1039 8899
1944 2688
1777 8715
8030 8789
4852 5672
8881 9171
583 8720
3130 5055
6651 7444
6121 6224
6325 6400
2220 2618
1521 3093
1277 9711
4628 8284
2311 6844
3812 7272
6231 8183
4872 5999
2443 2896
4497 7083
2043 7223
6369 7477
7472 8638
1878 9524
753 9327
1391 4060
2462 3174
4189 6376
1435 4541
3185 8206
1529 7545
1900 1969
3363 7324
22 9862
2053 3305
5749 9240
994 9096
4071 7786
1389 3326
3650 8132
902 6269
2665 6667
1326 9574
4982 5552
6989 7733
1922 2094
2557 4660
6653 9952
3185 8794
1657 6920
1063 3094
1705 8550
3782 8434
116 972
4064 5763
677 7501
1268 9011
5847 6906
7406 7659
5672 8336
8059 9692
2890 4667
8762 9060
8422 8788
568 7110
3554 6050
705 3943
3821 7238
2604 5475
4148 6063
495 4719
3472 9841
2487 7277
253 1574
2149 8044
842 1739
2453 7255
6355 9966
4528 6812
5519 6082
6366 6848
2965 4550
284 6599
1736 2108
65 8209
5220 5881
8170 8279
176 1435
695 2942
2034 8789
3550 3807
2039 9692
5697 6385
7059 8730
1203 5684
4648 9738
2352 4657
1834 6669
1641 8539
1453 1660
3539 5392
8150 8357
5528 6323
2385 6218
3848 4169
1834 2239
8519 8926
767 892
1859 7183
850 4519
1957 4932
1118 9163
528 2254
3886 7634
1926 7826
4003 6969
981 7647
856 1371
4761 6666
3082 3114
2387 9107
5699 6243
5341 8181
1171 8820
3967 9296
2107 4489
194 9397
2315 9141
3455 4541
6226 8284
5770 6699
6479 6654
5543 8876
2742 7718
2067 6653
1529 2596
4649 7818
313 5055
3624 9534
3020 8847
4077 6324
1375 6821
9264 9715
2239 4509
614 9666
4347 9750
3102 3279
7001 9211
416 1052
4154 8822
1383 7096
6370 9325
1777 3801
4444 8496
3763 9212
2060 5360
4386 5054
3974 5580
7746 9429
129 6936
928 1878
8884 9281
3630 6653
4103 6800
2956 6686
525 770
3455 3549
2730 4500
2447 7261
2834 5874
3637 7725
522 575
4151 9106
880 5317
706 8605
3780 3923
7428 7858
3742 4565
8543 9240
860 1610
1946 2249
1833 7223
1648 5519
3430 7697
6631 7169
4115 8568
2779 6027
5070 7492
5188 9371
176 4044
4533 8864
230 3462
783 9556
5818 7530
781 3640
672 6746
1221 9051
3027 3944
3535 6246
8550 9604
5089 9682
5021 7519
2015 3878
2073 6226
1677 4122
1852 9981
1635 7140
736 9536
3743 8545
1655 6270
961 7209
1967 2556
1972 7880
4864 6151
1580 8322
3700 6728
148 8685
847 2618
1612 9690
1416 1787
1801 3089
4500 7539
878 8925
6338 7977
736 8618
3050 5174
1339 6737
5005 6933
2541 6154
1004 5859
4710 5394
2403 8579
1635 1904
2203 8540
4156 6154
3505 8992
3814 8543
700 5406
58 3271
4003 9371
2456 8778
6338 9073
3366 8399
2286 4022
2810 4851
3088 8239
5627 5910
1317 9160
953 8542
756 6845
4712 8273
5533 6876
1422 4820
1661 7968
930 1560
8640 8641
1928 9612
7931 8557
3420 5011
1169 8059
6490 6944
3745 6666
5158 8443
5337 9891
1175 2063
3714 8557
4365 6705
2801 5232
5873 6972
5154 9509
3665 7454
1500 9429
1543 5174
2561 5023
4740 5772
4599 5033
644 4885
5070 6365
1516 8233
3848 6295
707 2188
62 471
2535 5679
3292 9035
2660 8872
5357 8117
2996 7539
6427 6890
6022 7240
4413 7322
4497 7038
7097 9711
2385 2785
3164 9815
801 2174
5479 9556
431 1767
56 2107
3817 8073
707 3714
1550 3959
9613 9783
3283 4288
1839 7107
1986 3849
4077 7160
6046 9002
1159 8667
3818 4474
4562 9291
5168 6920
91 8079
3958 9429
2731 6091
759 3737
4196 8679
7085 8514
3076 8561
6580 8181
7076 7365
862 9352
2485 7076
7055 7906
5913 7934
815 6410
3235 8322
3232 7773
2451 9756
883 1890
4629 8788
5040 9237
803 3529
2494 4045
936 5639
2115 7137
12 3854
1326 3563
1326 6582
258 8822
1947 9194
6598 7620
5559 6020
706 2995
4 1539
645 1337
6408 9630
7758 9171
6330 6877
4357 6731
1420 5358
6074 7311
2797 7571
1286 9553
2851 7573
798 5826
7876 9888
2669 8724
178 4170
5551 6870
5911 6560
7292 9417
5382 6563
2127 9093
2678 4312
3641 6555
3389 7301
677 2081
2229 7223
2736 9547
34 1695
5794 9898
3555 7964
2146 9600
5026 7873
1558 1976
692 7113
2515 7697
2733 5542
6392 9808
1643 8577
298 8168
7557 7752
7429 9613
777 8721
3305 6009
4407 6018
1177 9478
2321 5828
1453 6397
3465 5567
3250 8030
3108 3717
4119 8569
8566 9978
566 7191
3411 7634
8443 9096
3216 8894
5008 9799
291 7655
8300 9488
2967 9280
5349 5357
3437 6092
4531 5349
1045 7164
2681 5233
1123 2972
2199 3586
5479 6997
684 759
5178 6377
1594 3950
2283 7347
6924 8512
1423 3854
4207 8885
5210 7709
3012 7251
3502 7566
746 4375
4444 6899
6139 7335
3849 6288
4072 6400
158 9258
2211 5974
4857 7181
2484 9688
1006 5406
1731 2889
684 6170
6106 9324
5178 7097
9021 9904
4852 5972
65 1990
987 3738
2387 7111
6004 6223
6481 8899
6848 8596
843 7803
2950 3713
5106 6384
145 2561
1920 6527
2706 6213
5610 9778
1855 9377
5723 8095
1649 7998
4230 7150
2508 3858
2941 7001
7011 8843
8181 9738
4914 5136
405 5506
7908 9634
334 1095
764 4169
5408 7993
65 3068
3239 8587
2567 9547
4700 7566
2946 3226
6790 8284
5365 5492
1508 5058
6587 6606
1960 8472
1984 3949
1761 8227
1831 7191
2610 9802
4927 8615
8990 9061
2948 5292
88 1678
8185 9386
1964 2637
7285 8146
5047 6734
5159 9287
4369 7128
1417 1719
3121 6797
1896 5721
1618 2102
1122 4075
251 2294
5238 9911
8126 9936
6020 9591
5952 9497
3307 4579
6899 7111
6286 8802
1608 3765
7876 8055
4046 7812
3800 9125
453 5385
2566 4906
232 5868
4997 8017
4417 9961
1940 4584
2460 3863
6972 8424
8256 9926
1330 4983
3486 7284
3620 8348
4086 6204
3628 7707
2213 7473
58 7272
5004 9952
1420 6167
7023 9259
62 9756
131 4527
1371 4567
4397 6490
5756 9163
5215 9443
7251 7908
4783 7095
4935 8254
779 7105
5868 7533
924 7904
8265 8712
7355 9585
3772 6686
1106 5402
2470 3021
3250 6376
3884 8789
1831 2487
2625 8079
1063 7533
3310 8753
3436 5036
6949 7476
1416 3851
2004 8957
4192 6281
3215 8984
2618 3820
81 9339
565 5559
2530 6986
4073 6876
6365 9787
5102 6828
3058 5933
6390 9436
1721 4355
3615 4982
538 1453
4941 5753
554 4073
2452 9688
5622 6526
8762 9910
5041 6717
2606 6462
396 9758
557 9810
2921 7694
3070 3737
5188 6270
1543 6423
3512 9952
6506 7611
4770 6864
1525 3457
6278 8459
5943 5961
2113 7382
8132 9163
8081 9000
7085 7722
1509 2949
1186 1719
4386 6599
3536 8091
6170 8044
1181 1664
785 1831
523 1317
2427 3355
6212 9761
1976 4622
4531 6581
5186 9961
3444 4514
6546 9937
6073 8466
6979 9613
540 2433
8558 9096
4902 7920
217 5030
2441 4648
620 6439
4240 6551
3959 7977
892 9770
3471 4711
4407 7886
2538 7714
4650 4974
6127 9559
2696 7350
178 9862
2696 7335
3292 8108
1815 1937
1074 9043
2427 8724
412 5142
2297 5002
4169 6951
706 8017
2692 8660
4993 7916
4156 9412
32 7697
2174 8942
4783 8723
8221 9451
4387 8322
4036 8435
6046 9080
2958 9280
6695 7022
4931 9311
1119 5582
1775 6113
340 3016
79 5918
3093 4777
7707 9494
2541 3650
1218 7105
1069 5371
5779 9841
1825 7876
1339 7715
2348 8474
964 6292
1883 8957
8641 9071
4597 8739
243 9668
219 3681
3361 5773
6983 8494
4756 6947
3000 6008
842 1800
5059 9478
6416 9721
1921 2502
2399 9750
4427 8947
3654 9096
6960 8576
5265 9726
3613 5911
3829 7015
6091 8535
1349 6212
464 3672
65 2162
663 4289
3167 5877
1794 4750
185 8778
818 2649
3529 6323
6582 9325
2125 6425
1997 8473
3492 6957
1576 4624
937 7335
268 335
2069 6410
1269 2256
1635 2730
4737 5215
5583 6783
4877 6557
393 1579
6286 7107
3674 7210
6161 8123
3240 5861
110 3863
2146 9380
3756 6949
572 2039
385 3598
1433 9359
5645 7848
7286 9839
240 6489
1036 7070
4453 5636
966 9863
2530 5111
2490 6560
8685 8794
133 3188
4877 7029
783 1239
2297 5186
4461 5136
1628 5442
6843 7304
7618 9249
2996 6979
7075 9315
5609 9434
5851 7812
352 4628
2278 4914
4721 5895
317 6690
4829 6531
1458 6374
4451 6061
473 7410
3235 6294
6453 9018
3897 6641
1069 5102
2763 6273
7858 8682
1614 9916
3842 7043
5146 9102
7996 8270
5668 8221
1059 3461
1503 8333
3581 6373
4976 5467
2419 5532
7706 9355
258 6966
4576 5452
3864 5915
1045 3110
3307 3472
1884 5603
6043 9404
4931 6819
3477 5496
1842 7145
6849 7177
8655 8931
4183 9886
1860 5839
2256 8136
1491 4654
8997 9063
1944 5253
6267 8462
1214 7485
2048 2754
4629 6629
2271 3927
6218 6332
5121 5527
2229 8605
1228 4864
